Running test for polynomial order = 4
eigen inverse test
A = 
matrix size = 4 x 4
 1.000e+00  2.000e+00  3.000e+00  4.000e+00 
 5.000e+00 -6.000e+00  7.000e+00  8.000e+00 
 9.000e+00  1.000e+01  1.100e+01  1.200e+01 
 1.300e+01  1.400e+01  1.500e+01 -1.600e+01 

Ainv = 
matrix size = 4 x 4
-7.161e-01  4.167e-02  1.901e-01 -1.563e-02 
 4.167e-02 -8.333e-02  4.167e-02  4.266e-18 
 5.651e-01  4.167e-02 -1.536e-01  4.688e-02 
-1.562e-02  3.740e-18  4.687e-02 -3.125e-02 

A * Ainv = 
matrix size = 4 x 4
 1.000e+00 -2.667e-17 -2.776e-17  0.000e+00 
-4.857e-16  1.000e+00  1.110e-16 -5.551e-17 
-6.939e-18  8.652e-17  1.000e+00  0.000e+00 
-6.939e-16 -7.373e-17 -1.110e-16  1.000e+00 

nx = 32
max_grid = 32
Cell merging is turned ON.
making grids
all regular geometry
defining geometry in EB land
maximum (non covered) volume fraction for grids[0] = 1.000e+00
minimum (non covered) volume fraction for grids[0] = 1.000e+00
maximum volume fraction overall = 1.000e+00
minimum volume fraction overall = 1.000e+00
SubVolVec: ientry = 0
volume :((0 ,0 )), volmom = 
index 	  moment  
(0,0)	9.76562500e-04
(1,0)	0.00000000e+00
(2,0)	7.94728597e-08
(3,0)	0.00000000e+00
(4,0)	1.16415322e-11
(0,1)	0.00000000e+00
(1,1)	0.00000000e+00
(2,1)	0.00000000e+00
(3,1)	0.00000000e+00
(0,2)	7.94728597e-08
(1,2)	0.00000000e+00
(2,2)	6.46751788e-12
(0,3)	0.00000000e+00
(1,3)	0.00000000e+00
(0,4)	1.16415322e-11
index 	  moment  
(0,0)	9.76562500e-04
(1,0)	0.00000000e+00
(2,0)	7.94728597e-08
(3,0)	0.00000000e+00
(4,0)	1.16415322e-11
(0,1)	0.00000000e+00
(1,1)	0.00000000e+00
(2,1)	0.00000000e+00
(3,1)	0.00000000e+00
(0,2)	7.94728597e-08
(1,2)	0.00000000e+00
(2,2)	6.46751788e-12
(0,3)	0.00000000e+00
(1,3)	0.00000000e+00
(0,4)	1.16415322e-11
shiftMomentAndFillRow: a_currentRow = 0
shiftMomentAndFillRow: a_distance   = (0.00000000e+00,7.94728597e-08)
shiftMomentAndFillRow: input mat row: 
matrix size = 16 x 15
 0.000e+00  0.000e+00  0.000e+00  0.000e+00  0.000e+00  0.000e+00  0.000e+00  0.000e+00  0.000e+00  0.000e+00  0.000e+00  0.000e+00  0.000e+00  0.000e+00  0.000e+00 
shiftMomentAndFillRow:   a_moment =
index 	  moment  
(0,0)	9.76562500e-04
(1,0)	0.00000000e+00
(2,0)	7.94728597e-08
(3,0)	0.00000000e+00
(4,0)	1.16415322e-11
(0,1)	0.00000000e+00
(1,1)	0.00000000e+00
(2,1)	0.00000000e+00
(3,1)	0.00000000e+00
(0,2)	7.94728597e-08
(1,2)	0.00000000e+00
(2,2)	6.46751788e-12
(0,3)	0.00000000e+00
(1,3)	0.00000000e+00
(0,4)	1.16415322e-11
shiftMomentAndFillRow: shiftedMom =
index 	  moment  
(0,0)	9.76562500e-04
(1,0)	0.00000000e+00
(2,0)	7.94728597e-08
(3,0)	0.00000000e+00
(4,0)	1.16415322e-11
(0,1)	7.76102146e-11
(1,1)	0.00000000e+00
(2,1)	6.31593543e-15
(3,1)	0.00000000e+00
(0,2)	7.94728597e-08
(1,2)	0.00000000e+00
(2,2)	6.46751788e-12
(0,3)	1.89478063e-14
(1,3)	0.00000000e+00
(0,4)	1.16415322e-11
shiftMomentAndFillRow: amat leaving = 
matrix size = 16 x 15
 1.000e+00  0.000e+00  8.138e-05  0.000e+00  1.192e-08  7.947e-08  0.000e+00  6.468e-12  0.000e+00  8.138e-05  0.000e+00  6.623e-09  1.940e-11  0.000e+00  1.192e-08 
index 	  moment  
(0,0)	9.76562500e-04
(1,0)	0.00000000e+00
(2,0)	7.94728597e-08
(3,0)	0.00000000e+00
(4,0)	1.16415322e-11
(0,1)	0.00000000e+00
(1,1)	0.00000000e+00
(2,1)	0.00000000e+00
(3,1)	0.00000000e+00
(0,2)	7.94728597e-08
(1,2)	0.00000000e+00
(2,2)	6.46751788e-12
(0,3)	0.00000000e+00
(1,3)	0.00000000e+00
(0,4)	1.16415322e-11
shiftMomentAndFillRow: a_currentRow = 1
shiftMomentAndFillRow: a_distance   = (3.12500000e-02,7.94728597e-08)
shiftMomentAndFillRow: input mat row: 
matrix size = 16 x 15
 0.000e+00  0.000e+00  0.000e+00  0.000e+00  0.000e+00  0.000e+00  0.000e+00  0.000e+00  0.000e+00  0.000e+00  0.000e+00  0.000e+00  0.000e+00  0.000e+00  0.000e+00 
shiftMomentAndFillRow:   a_moment =
index 	  moment  
(0,0)	9.76562500e-04
(1,0)	0.00000000e+00
(2,0)	7.94728597e-08
(3,0)	0.00000000e+00
(4,0)	1.16415322e-11
(0,1)	0.00000000e+00
(1,1)	0.00000000e+00
(2,1)	0.00000000e+00
(3,1)	0.00000000e+00
(0,2)	7.94728597e-08
(1,2)	0.00000000e+00
(2,2)	6.46751788e-12
(0,3)	0.00000000e+00
(1,3)	0.00000000e+00
(0,4)	1.16415322e-11
shiftMomentAndFillRow: shiftedMom =
index 	  moment  
(0,0)	9.76562500e-04
(1,0)	3.05175781e-05
(2,0)	1.03314718e-06
(3,0)	3.72529030e-08
(4,0)	1.40862539e-09
(0,1)	7.76102146e-11
(1,1)	2.42531920e-12
(2,1)	8.21071606e-14
(3,1)	2.96059473e-15
(0,2)	7.94728597e-08
(1,2)	2.48352687e-09
(2,2)	8.40777324e-11
(0,3)	1.89478063e-14
(1,3)	5.92118946e-16
(0,4)	1.16415322e-11
shiftMomentAndFillRow: amat leaving = 
matrix size = 16 x 15
 1.000e+00  3.125e-02  1.058e-03  3.815e-05  1.442e-06  7.947e-08  2.484e-09  8.408e-11  3.032e-12  8.138e-05  2.543e-06  8.610e-08  1.940e-11  6.063e-13  1.192e-08 
index 	  moment  
(0,0)	9.76562500e-04
(1,0)	0.00000000e+00
(2,0)	7.94728597e-08
(3,0)	0.00000000e+00
(4,0)	1.16415322e-11
(0,1)	0.00000000e+00
(1,1)	0.00000000e+00
(2,1)	0.00000000e+00
(3,1)	0.00000000e+00
(0,2)	7.94728597e-08
(1,2)	0.00000000e+00
(2,2)	6.46751788e-12
(0,3)	0.00000000e+00
(1,3)	0.00000000e+00
(0,4)	1.16415322e-11
shiftMomentAndFillRow: a_currentRow = 2
shiftMomentAndFillRow: a_distance   = (6.25000000e-02,7.94728597e-08)
shiftMomentAndFillRow: input mat row: 
matrix size = 16 x 15
 0.000e+00  0.000e+00  0.000e+00  0.000e+00  0.000e+00  0.000e+00  0.000e+00  0.000e+00  0.000e+00  0.000e+00  0.000e+00  0.000e+00  0.000e+00  0.000e+00  0.000e+00 
shiftMomentAndFillRow:   a_moment =
index 	  moment  
(0,0)	9.76562500e-04
(1,0)	0.00000000e+00
(2,0)	7.94728597e-08
(3,0)	0.00000000e+00
(4,0)	1.16415322e-11
(0,1)	0.00000000e+00
(1,1)	0.00000000e+00
(2,1)	0.00000000e+00
(3,1)	0.00000000e+00
(0,2)	7.94728597e-08
(1,2)	0.00000000e+00
(2,2)	6.46751788e-12
(0,3)	0.00000000e+00
(1,3)	0.00000000e+00
(0,4)	1.16415322e-11
shiftMomentAndFillRow: shiftedMom =
index 	  moment  
(0,0)	9.76562500e-04
(1,0)	6.10351562e-05
(2,0)	3.89417013e-06
(3,0)	2.53319740e-07
(4,0)	1.67754479e-08
(0,1)	7.76102146e-11
(1,1)	4.85063841e-12
(2,1)	3.09480836e-13
(3,1)	2.01320442e-14
(0,2)	7.94728597e-08
(1,2)	4.96705373e-09
(2,2)	3.16908376e-10
(0,3)	1.89478063e-14
(1,3)	1.18423789e-15
(0,4)	1.16415322e-11
shiftMomentAndFillRow: amat leaving = 
matrix size = 16 x 15
 1.000e+00  6.250e-02  3.988e-03  2.594e-04  1.718e-05  7.947e-08  4.967e-09  3.169e-10  2.062e-11  8.138e-05  5.086e-06  3.245e-07  1.940e-11  1.213e-12  1.192e-08 
index 	  moment  
(0,0)	9.76562500e-04
(1,0)	0.00000000e+00
(2,0)	7.94728597e-08
(3,0)	0.00000000e+00
(4,0)	1.16415322e-11
(0,1)	0.00000000e+00
(1,1)	0.00000000e+00
(2,1)	0.00000000e+00
(3,1)	0.00000000e+00
(0,2)	7.94728597e-08
(1,2)	0.00000000e+00
(2,2)	6.46751788e-12
(0,3)	0.00000000e+00
(1,3)	0.00000000e+00
(0,4)	1.16415322e-11
shiftMomentAndFillRow: a_currentRow = 3
shiftMomentAndFillRow: a_distance   = (9.37500000e-02,7.94728597e-08)
shiftMomentAndFillRow: input mat row: 
matrix size = 16 x 15
 0.000e+00  0.000e+00  0.000e+00  0.000e+00  0.000e+00  0.000e+00  0.000e+00  0.000e+00  0.000e+00  0.000e+00  0.000e+00  0.000e+00  0.000e+00  0.000e+00  0.000e+00 
shiftMomentAndFillRow:   a_moment =
index 	  moment  
(0,0)	9.76562500e-04
(1,0)	0.00000000e+00
(2,0)	7.94728597e-08
(3,0)	0.00000000e+00
(4,0)	1.16415322e-11
(0,1)	0.00000000e+00
(1,1)	0.00000000e+00
(2,1)	0.00000000e+00
(3,1)	0.00000000e+00
(0,2)	7.94728597e-08
(1,2)	0.00000000e+00
(2,2)	6.46751788e-12
(0,3)	0.00000000e+00
(1,3)	0.00000000e+00
(0,4)	1.16415322e-11
shiftMomentAndFillRow: shiftedMom =
index 	  moment  
(0,0)	9.76562500e-04
(1,0)	9.15527344e-05
(2,0)	8.66254171e-06
(3,0)	8.27014446e-07
(4,0)	7.96397217e-08
(0,1)	7.76102146e-11
(1,1)	7.27595761e-12
(2,1)	6.88436962e-13
(3,1)	6.57252031e-14
(0,2)	7.94728597e-08
(1,2)	7.45058060e-09
(2,2)	7.04959449e-10
(0,3)	1.89478063e-14
(1,3)	1.77635684e-15
(0,4)	1.16415322e-11
shiftMomentAndFillRow: amat leaving = 
matrix size = 16 x 15
 1.000e+00  9.375e-02  8.870e-03  8.469e-04  8.155e-05  7.947e-08  7.451e-09  7.050e-10  6.730e-11  8.138e-05  7.629e-06  7.219e-07  1.940e-11  1.819e-12  1.192e-08 
index 	  moment  
(0,0)	9.76562500e-04
(1,0)	0.00000000e+00
(2,0)	7.94728597e-08
(3,0)	0.00000000e+00
(4,0)	1.16415322e-11
(0,1)	0.00000000e+00
(1,1)	0.00000000e+00
(2,1)	0.00000000e+00
(3,1)	0.00000000e+00
(0,2)	7.94728597e-08
(1,2)	0.00000000e+00
(2,2)	6.46751788e-12
(0,3)	0.00000000e+00
(1,3)	0.00000000e+00
(0,4)	1.16415322e-11
shiftMomentAndFillRow: a_currentRow = 4
shiftMomentAndFillRow: a_distance   = (0.00000000e+00,3.12500795e-02)
shiftMomentAndFillRow: input mat row: 
matrix size = 16 x 15
 0.000e+00  0.000e+00  0.000e+00  0.000e+00  0.000e+00  0.000e+00  0.000e+00  0.000e+00  0.000e+00  0.000e+00  0.000e+00  0.000e+00  0.000e+00  0.000e+00  0.000e+00 
shiftMomentAndFillRow:   a_moment =
index 	  moment  
(0,0)	9.76562500e-04
(1,0)	0.00000000e+00
(2,0)	7.94728597e-08
(3,0)	0.00000000e+00
(4,0)	1.16415322e-11
(0,1)	0.00000000e+00
(1,1)	0.00000000e+00
(2,1)	0.00000000e+00
(3,1)	0.00000000e+00
(0,2)	7.94728597e-08
(1,2)	0.00000000e+00
(2,2)	6.46751788e-12
(0,3)	0.00000000e+00
(1,3)	0.00000000e+00
(0,4)	1.16415322e-11
shiftMomentAndFillRow: shiftedMom =
index 	  moment  
(0,0)	9.76562500e-04
(1,0)	0.00000000e+00
(2,0)	7.94728597e-08
(3,0)	0.00000000e+00
(4,0)	1.16415322e-11
(0,1)	3.05176557e-05
(1,1)	0.00000000e+00
(2,1)	2.48353318e-09
(3,1)	0.00000000e+00
(0,2)	1.03315203e-06
(1,2)	0.00000000e+00
(2,2)	8.40781272e-11
(0,3)	3.72531493e-08
(1,3)	0.00000000e+00
(0,4)	1.40863724e-09
shiftMomentAndFillRow: amat leaving = 
matrix size = 16 x 15
 1.000e+00  0.000e+00  8.138e-05  0.000e+00  1.192e-08  3.125e-02  0.000e+00  2.543e-06  0.000e+00  1.058e-03  0.000e+00  8.610e-08  3.815e-05  0.000e+00  1.442e-06 
index 	  moment  
(0,0)	9.76562500e-04
(1,0)	0.00000000e+00
(2,0)	7.94728597e-08
(3,0)	0.00000000e+00
(4,0)	1.16415322e-11
(0,1)	0.00000000e+00
(1,1)	0.00000000e+00
(2,1)	0.00000000e+00
(3,1)	0.00000000e+00
(0,2)	7.94728597e-08
(1,2)	0.00000000e+00
(2,2)	6.46751788e-12
(0,3)	0.00000000e+00
(1,3)	0.00000000e+00
(0,4)	1.16415322e-11
shiftMomentAndFillRow: a_currentRow = 5
shiftMomentAndFillRow: a_distance   = (3.12500000e-02,3.12500795e-02)
shiftMomentAndFillRow: input mat row: 
matrix size = 16 x 15
 0.000e+00  0.000e+00  0.000e+00  0.000e+00  0.000e+00  0.000e+00  0.000e+00  0.000e+00  0.000e+00  0.000e+00  0.000e+00  0.000e+00  0.000e+00  0.000e+00  0.000e+00 
shiftMomentAndFillRow:   a_moment =
index 	  moment  
(0,0)	9.76562500e-04
(1,0)	0.00000000e+00
(2,0)	7.94728597e-08
(3,0)	0.00000000e+00
(4,0)	1.16415322e-11
(0,1)	0.00000000e+00
(1,1)	0.00000000e+00
(2,1)	0.00000000e+00
(3,1)	0.00000000e+00
(0,2)	7.94728597e-08
(1,2)	0.00000000e+00
(2,2)	6.46751788e-12
(0,3)	0.00000000e+00
(1,3)	0.00000000e+00
(0,4)	1.16415322e-11
shiftMomentAndFillRow: shiftedMom =
index 	  moment  
(0,0)	9.76562500e-04
(1,0)	3.05175781e-05
(2,0)	1.03314718e-06
(3,0)	3.72529030e-08
(4,0)	1.40862539e-09
(0,1)	3.05176557e-05
(1,1)	9.53676742e-07
(2,1)	3.22859314e-08
(3,1)	1.16415618e-09
(0,2)	1.03315203e-06
(1,2)	3.22860008e-08
(2,2)	1.09301565e-09
(0,3)	3.72531493e-08
(1,3)	1.16416092e-09
(0,4)	1.40863724e-09
shiftMomentAndFillRow: amat leaving = 
matrix size = 16 x 15
 1.000e+00  3.125e-02  1.058e-03  3.815e-05  1.442e-06  3.125e-02  9.766e-04  3.306e-05  1.192e-06  1.058e-03  3.306e-05  1.119e-06  3.815e-05  1.192e-06  1.442e-06 
index 	  moment  
(0,0)	9.76562500e-04
(1,0)	0.00000000e+00
(2,0)	7.94728597e-08
(3,0)	0.00000000e+00
(4,0)	1.16415322e-11
(0,1)	0.00000000e+00
(1,1)	0.00000000e+00
(2,1)	0.00000000e+00
(3,1)	0.00000000e+00
(0,2)	7.94728597e-08
(1,2)	0.00000000e+00
(2,2)	6.46751788e-12
(0,3)	0.00000000e+00
(1,3)	0.00000000e+00
(0,4)	1.16415322e-11
shiftMomentAndFillRow: a_currentRow = 6
shiftMomentAndFillRow: a_distance   = (6.25000000e-02,3.12500795e-02)
shiftMomentAndFillRow: input mat row: 
matrix size = 16 x 15
 0.000e+00  0.000e+00  0.000e+00  0.000e+00  0.000e+00  0.000e+00  0.000e+00  0.000e+00  0.000e+00  0.000e+00  0.000e+00  0.000e+00  0.000e+00  0.000e+00  0.000e+00 
shiftMomentAndFillRow:   a_moment =
index 	  moment  
(0,0)	9.76562500e-04
(1,0)	0.00000000e+00
(2,0)	7.94728597e-08
(3,0)	0.00000000e+00
(4,0)	1.16415322e-11
(0,1)	0.00000000e+00
(1,1)	0.00000000e+00
(2,1)	0.00000000e+00
(3,1)	0.00000000e+00
(0,2)	7.94728597e-08
(1,2)	0.00000000e+00
(2,2)	6.46751788e-12
(0,3)	0.00000000e+00
(1,3)	0.00000000e+00
(0,4)	1.16415322e-11
shiftMomentAndFillRow: shiftedMom =
index 	  moment  
(0,0)	9.76562500e-04
(1,0)	6.10351562e-05
(2,0)	3.89417013e-06
(3,0)	2.53319740e-07
(4,0)	1.67754479e-08
(0,1)	3.05176557e-05
(1,1)	1.90735348e-06
(2,1)	1.21693126e-07
(3,1)	7.91626202e-09
(0,2)	1.03315203e-06
(1,2)	6.45720017e-08
(2,2)	4.11982823e-09
(0,3)	3.72531493e-08
(1,3)	2.32832183e-09
(0,4)	1.40863724e-09
shiftMomentAndFillRow: amat leaving = 
matrix size = 16 x 15
 1.000e+00  6.250e-02  3.988e-03  2.594e-04  1.718e-05  3.125e-02  1.953e-03  1.246e-04  8.106e-06  1.058e-03  6.612e-05  4.219e-06  3.815e-05  2.384e-06  1.442e-06 
index 	  moment  
(0,0)	9.76562500e-04
(1,0)	0.00000000e+00
(2,0)	7.94728597e-08
(3,0)	0.00000000e+00
(4,0)	1.16415322e-11
(0,1)	0.00000000e+00
(1,1)	0.00000000e+00
(2,1)	0.00000000e+00
(3,1)	0.00000000e+00
(0,2)	7.94728597e-08
(1,2)	0.00000000e+00
(2,2)	6.46751788e-12
(0,3)	0.00000000e+00
(1,3)	0.00000000e+00
(0,4)	1.16415322e-11
shiftMomentAndFillRow: a_currentRow = 7
shiftMomentAndFillRow: a_distance   = (9.37500000e-02,3.12500795e-02)
shiftMomentAndFillRow: input mat row: 
matrix size = 16 x 15
 0.000e+00  0.000e+00  0.000e+00  0.000e+00  0.000e+00  0.000e+00  0.000e+00  0.000e+00  0.000e+00  0.000e+00  0.000e+00  0.000e+00  0.000e+00  0.000e+00  0.000e+00 
shiftMomentAndFillRow:   a_moment =
index 	  moment  
(0,0)	9.76562500e-04
(1,0)	0.00000000e+00
(2,0)	7.94728597e-08
(3,0)	0.00000000e+00
(4,0)	1.16415322e-11
(0,1)	0.00000000e+00
(1,1)	0.00000000e+00
(2,1)	0.00000000e+00
(3,1)	0.00000000e+00
(0,2)	7.94728597e-08
(1,2)	0.00000000e+00
(2,2)	6.46751788e-12
(0,3)	0.00000000e+00
(1,3)	0.00000000e+00
(0,4)	1.16415322e-11
shiftMomentAndFillRow: shiftedMom =
index 	  moment  
(0,0)	9.76562500e-04
(1,0)	9.15527344e-05
(2,0)	8.66254171e-06
(3,0)	8.27014446e-07
(4,0)	7.96397217e-08
(0,1)	3.05176557e-05
(1,1)	2.86103023e-06
(2,1)	2.70705117e-07
(3,1)	2.58442672e-08
(0,2)	1.03315203e-06
(1,2)	9.68580025e-08
(2,2)	9.16451586e-09
(0,3)	3.72531493e-08
(1,3)	3.49248275e-09
(0,4)	1.40863724e-09
shiftMomentAndFillRow: amat leaving = 
matrix size = 16 x 15
 1.000e+00  9.375e-02  8.870e-03  8.469e-04  8.155e-05  3.125e-02  2.930e-03  2.772e-04  2.646e-05  1.058e-03  9.918e-05  9.384e-06  3.815e-05  3.576e-06  1.442e-06 
index 	  moment  
(0,0)	9.76562500e-04
(1,0)	0.00000000e+00
(2,0)	7.94728597e-08
(3,0)	0.00000000e+00
(4,0)	1.16415322e-11
(0,1)	0.00000000e+00
(1,1)	0.00000000e+00
(2,1)	0.00000000e+00
(3,1)	0.00000000e+00
(0,2)	7.94728597e-08
(1,2)	0.00000000e+00
(2,2)	6.46751788e-12
(0,3)	0.00000000e+00
(1,3)	0.00000000e+00
(0,4)	1.16415322e-11
shiftMomentAndFillRow: a_currentRow = 8
shiftMomentAndFillRow: a_distance   = (0.00000000e+00,6.25000795e-02)
shiftMomentAndFillRow: input mat row: 
matrix size = 16 x 15
 0.000e+00  0.000e+00  0.000e+00  0.000e+00  0.000e+00  0.000e+00  0.000e+00  0.000e+00  0.000e+00  0.000e+00  0.000e+00  0.000e+00  0.000e+00  0.000e+00  0.000e+00 
shiftMomentAndFillRow:   a_moment =
index 	  moment  
(0,0)	9.76562500e-04
(1,0)	0.00000000e+00
(2,0)	7.94728597e-08
(3,0)	0.00000000e+00
(4,0)	1.16415322e-11
(0,1)	0.00000000e+00
(1,1)	0.00000000e+00
(2,1)	0.00000000e+00
(3,1)	0.00000000e+00
(0,2)	7.94728597e-08
(1,2)	0.00000000e+00
(2,2)	6.46751788e-12
(0,3)	0.00000000e+00
(1,3)	0.00000000e+00
(0,4)	1.16415322e-11
shiftMomentAndFillRow: shiftedMom =
index 	  moment  
(0,0)	9.76562500e-04
(1,0)	0.00000000e+00
(2,0)	7.94728597e-08
(3,0)	0.00000000e+00
(4,0)	1.16415322e-11
(0,1)	6.10352339e-05
(1,1)	0.00000000e+00
(2,1)	4.96706005e-09
(3,1)	0.00000000e+00
(0,2)	3.89417983e-06
(1,2)	0.00000000e+00
(2,2)	3.16909166e-10
(0,3)	2.53320669e-07
(1,3)	0.00000000e+00
(0,4)	1.67755284e-08
shiftMomentAndFillRow: amat leaving = 
matrix size = 16 x 15
 1.000e+00  0.000e+00  8.138e-05  0.000e+00  1.192e-08  6.250e-02  0.000e+00  5.086e-06  0.000e+00  3.988e-03  0.000e+00  3.245e-07  2.594e-04  0.000e+00  1.718e-05 
index 	  moment  
(0,0)	9.76562500e-04
(1,0)	0.00000000e+00
(2,0)	7.94728597e-08
(3,0)	0.00000000e+00
(4,0)	1.16415322e-11
(0,1)	0.00000000e+00
(1,1)	0.00000000e+00
(2,1)	0.00000000e+00
(3,1)	0.00000000e+00
(0,2)	7.94728597e-08
(1,2)	0.00000000e+00
(2,2)	6.46751788e-12
(0,3)	0.00000000e+00
(1,3)	0.00000000e+00
(0,4)	1.16415322e-11
shiftMomentAndFillRow: a_currentRow = 9
shiftMomentAndFillRow: a_distance   = (3.12500000e-02,6.25000795e-02)
shiftMomentAndFillRow: input mat row: 
matrix size = 16 x 15
 0.000e+00  0.000e+00  0.000e+00  0.000e+00  0.000e+00  0.000e+00  0.000e+00  0.000e+00  0.000e+00  0.000e+00  0.000e+00  0.000e+00  0.000e+00  0.000e+00  0.000e+00 
shiftMomentAndFillRow:   a_moment =
index 	  moment  
(0,0)	9.76562500e-04
(1,0)	0.00000000e+00
(2,0)	7.94728597e-08
(3,0)	0.00000000e+00
(4,0)	1.16415322e-11
(0,1)	0.00000000e+00
(1,1)	0.00000000e+00
(2,1)	0.00000000e+00
(3,1)	0.00000000e+00
(0,2)	7.94728597e-08
(1,2)	0.00000000e+00
(2,2)	6.46751788e-12
(0,3)	0.00000000e+00
(1,3)	0.00000000e+00
(0,4)	1.16415322e-11
shiftMomentAndFillRow: shiftedMom =
index 	  moment  
(0,0)	9.76562500e-04
(1,0)	3.05175781e-05
(2,0)	1.03314718e-06
(3,0)	3.72529030e-08
(4,0)	1.40862539e-09
(0,1)	6.10352339e-05
(1,1)	1.90735106e-06
(2,1)	6.45717806e-08
(3,1)	2.32830940e-09
(0,2)	3.89417983e-06
(1,2)	1.21693120e-07
(2,2)	4.11981915e-09
(0,3)	2.53320669e-07
(1,3)	7.91627090e-09
(0,4)	1.67755284e-08
shiftMomentAndFillRow: amat leaving = 
matrix size = 16 x 15
 1.000e+00  3.125e-02  1.058e-03  3.815e-05  1.442e-06  6.250e-02  1.953e-03  6.612e-05  2.384e-06  3.988e-03  1.246e-04  4.219e-06  2.594e-04  8.106e-06  1.718e-05 
index 	  moment  
(0,0)	9.76562500e-04
(1,0)	0.00000000e+00
(2,0)	7.94728597e-08
(3,0)	0.00000000e+00
(4,0)	1.16415322e-11
(0,1)	0.00000000e+00
(1,1)	0.00000000e+00
(2,1)	0.00000000e+00
(3,1)	0.00000000e+00
(0,2)	7.94728597e-08
(1,2)	0.00000000e+00
(2,2)	6.46751788e-12
(0,3)	0.00000000e+00
(1,3)	0.00000000e+00
(0,4)	1.16415322e-11
shiftMomentAndFillRow: a_currentRow = 10
shiftMomentAndFillRow: a_distance   = (6.25000000e-02,6.25000795e-02)
shiftMomentAndFillRow: input mat row: 
matrix size = 16 x 15
 0.000e+00  0.000e+00  0.000e+00  0.000e+00  0.000e+00  0.000e+00  0.000e+00  0.000e+00  0.000e+00  0.000e+00  0.000e+00  0.000e+00  0.000e+00  0.000e+00  0.000e+00 
shiftMomentAndFillRow:   a_moment =
index 	  moment  
(0,0)	9.76562500e-04
(1,0)	0.00000000e+00
(2,0)	7.94728597e-08
(3,0)	0.00000000e+00
(4,0)	1.16415322e-11
(0,1)	0.00000000e+00
(1,1)	0.00000000e+00
(2,1)	0.00000000e+00
(3,1)	0.00000000e+00
(0,2)	7.94728597e-08
(1,2)	0.00000000e+00
(2,2)	6.46751788e-12
(0,3)	0.00000000e+00
(1,3)	0.00000000e+00
(0,4)	1.16415322e-11
shiftMomentAndFillRow: shiftedMom =
index 	  moment  
(0,0)	9.76562500e-04
(1,0)	6.10351562e-05
(2,0)	3.89417013e-06
(3,0)	2.53319740e-07
(4,0)	1.67754479e-08
(0,1)	6.10352339e-05
(1,1)	3.81470212e-06
(2,1)	2.43385942e-07
(3,1)	1.58325039e-08
(0,2)	3.89417983e-06
(1,2)	2.43386239e-07
(2,2)	1.55285491e-08
(0,3)	2.53320669e-07
(1,3)	1.58325418e-08
(0,4)	1.67755284e-08
shiftMomentAndFillRow: amat leaving = 
matrix size = 16 x 15
 1.000e+00  6.250e-02  3.988e-03  2.594e-04  1.718e-05  6.250e-02  3.906e-03  2.492e-04  1.621e-05  3.988e-03  2.492e-04  1.590e-05  2.594e-04  1.621e-05  1.718e-05 
index 	  moment  
(0,0)	9.76562500e-04
(1,0)	0.00000000e+00
(2,0)	7.94728597e-08
(3,0)	0.00000000e+00
(4,0)	1.16415322e-11
(0,1)	0.00000000e+00
(1,1)	0.00000000e+00
(2,1)	0.00000000e+00
(3,1)	0.00000000e+00
(0,2)	7.94728597e-08
(1,2)	0.00000000e+00
(2,2)	6.46751788e-12
(0,3)	0.00000000e+00
(1,3)	0.00000000e+00
(0,4)	1.16415322e-11
shiftMomentAndFillRow: a_currentRow = 11
shiftMomentAndFillRow: a_distance   = (9.37500000e-02,6.25000795e-02)
shiftMomentAndFillRow: input mat row: 
matrix size = 16 x 15
 0.000e+00  0.000e+00  0.000e+00  0.000e+00  0.000e+00  0.000e+00  0.000e+00  0.000e+00  0.000e+00  0.000e+00  0.000e+00  0.000e+00  0.000e+00  0.000e+00  0.000e+00 
shiftMomentAndFillRow:   a_moment =
index 	  moment  
(0,0)	9.76562500e-04
(1,0)	0.00000000e+00
(2,0)	7.94728597e-08
(3,0)	0.00000000e+00
(4,0)	1.16415322e-11
(0,1)	0.00000000e+00
(1,1)	0.00000000e+00
(2,1)	0.00000000e+00
(3,1)	0.00000000e+00
(0,2)	7.94728597e-08
(1,2)	0.00000000e+00
(2,2)	6.46751788e-12
(0,3)	0.00000000e+00
(1,3)	0.00000000e+00
(0,4)	1.16415322e-11
shiftMomentAndFillRow: shiftedMom =
index 	  moment  
(0,0)	9.76562500e-04
(1,0)	9.15527344e-05
(2,0)	8.66254171e-06
(3,0)	8.27014446e-07
(4,0)	7.96397217e-08
(0,1)	6.10352339e-05
(1,1)	5.72205317e-06
(2,1)	5.41409545e-07
(3,1)	5.16884686e-08
(0,2)	3.89417983e-06
(1,2)	3.65079359e-07
(2,2)	3.45430990e-08
(0,3)	2.53320669e-07
(1,3)	2.37488127e-08
(0,4)	1.67755284e-08
shiftMomentAndFillRow: amat leaving = 
matrix size = 16 x 15
 1.000e+00  9.375e-02  8.870e-03  8.469e-04  8.155e-05  6.250e-02  5.859e-03  5.544e-04  5.293e-05  3.988e-03  3.738e-04  3.537e-05  2.594e-04  2.432e-05  1.718e-05 
index 	  moment  
(0,0)	9.76562500e-04
(1,0)	0.00000000e+00
(2,0)	7.94728597e-08
(3,0)	0.00000000e+00
(4,0)	1.16415322e-11
(0,1)	0.00000000e+00
(1,1)	0.00000000e+00
(2,1)	0.00000000e+00
(3,1)	0.00000000e+00
(0,2)	7.94728597e-08
(1,2)	0.00000000e+00
(2,2)	6.46751788e-12
(0,3)	0.00000000e+00
(1,3)	0.00000000e+00
(0,4)	1.16415322e-11
shiftMomentAndFillRow: a_currentRow = 12
shiftMomentAndFillRow: a_distance   = (0.00000000e+00,9.37500795e-02)
shiftMomentAndFillRow: input mat row: 
matrix size = 16 x 15
 0.000e+00  0.000e+00  0.000e+00  0.000e+00  0.000e+00  0.000e+00  0.000e+00  0.000e+00  0.000e+00  0.000e+00  0.000e+00  0.000e+00  0.000e+00  0.000e+00  0.000e+00 
shiftMomentAndFillRow:   a_moment =
index 	  moment  
(0,0)	9.76562500e-04
(1,0)	0.00000000e+00
(2,0)	7.94728597e-08
(3,0)	0.00000000e+00
(4,0)	1.16415322e-11
(0,1)	0.00000000e+00
(1,1)	0.00000000e+00
(2,1)	0.00000000e+00
(3,1)	0.00000000e+00
(0,2)	7.94728597e-08
(1,2)	0.00000000e+00
(2,2)	6.46751788e-12
(0,3)	0.00000000e+00
(1,3)	0.00000000e+00
(0,4)	1.16415322e-11
shiftMomentAndFillRow: shiftedMom =
index 	  moment  
(0,0)	9.76562500e-04
(1,0)	0.00000000e+00
(2,0)	7.94728597e-08
(3,0)	0.00000000e+00
(4,0)	1.16415322e-11
(0,1)	9.15528120e-05
(1,1)	0.00000000e+00
(2,1)	7.45058691e-09
(3,1)	0.00000000e+00
(0,2)	8.66255626e-06
(1,2)	0.00000000e+00
(2,2)	7.04960633e-10
(0,3)	8.27016512e-07
(1,3)	0.00000000e+00
(0,4)	7.96399846e-08
shiftMomentAndFillRow: amat leaving = 
matrix size = 16 x 15
 1.000e+00  0.000e+00  8.138e-05  0.000e+00  1.192e-08  9.375e-02  0.000e+00  7.629e-06  0.000e+00  8.870e-03  0.000e+00  7.219e-07  8.469e-04  0.000e+00  8.155e-05 
index 	  moment  
(0,0)	9.76562500e-04
(1,0)	0.00000000e+00
(2,0)	7.94728597e-08
(3,0)	0.00000000e+00
(4,0)	1.16415322e-11
(0,1)	0.00000000e+00
(1,1)	0.00000000e+00
(2,1)	0.00000000e+00
(3,1)	0.00000000e+00
(0,2)	7.94728597e-08
(1,2)	0.00000000e+00
(2,2)	6.46751788e-12
(0,3)	0.00000000e+00
(1,3)	0.00000000e+00
(0,4)	1.16415322e-11
shiftMomentAndFillRow: a_currentRow = 13
shiftMomentAndFillRow: a_distance   = (3.12500000e-02,9.37500795e-02)
shiftMomentAndFillRow: input mat row: 
matrix size = 16 x 15
 0.000e+00  0.000e+00  0.000e+00  0.000e+00  0.000e+00  0.000e+00  0.000e+00  0.000e+00  0.000e+00  0.000e+00  0.000e+00  0.000e+00  0.000e+00  0.000e+00  0.000e+00 
shiftMomentAndFillRow:   a_moment =
index 	  moment  
(0,0)	9.76562500e-04
(1,0)	0.00000000e+00
(2,0)	7.94728597e-08
(3,0)	0.00000000e+00
(4,0)	1.16415322e-11
(0,1)	0.00000000e+00
(1,1)	0.00000000e+00
(2,1)	0.00000000e+00
(3,1)	0.00000000e+00
(0,2)	7.94728597e-08
(1,2)	0.00000000e+00
(2,2)	6.46751788e-12
(0,3)	0.00000000e+00
(1,3)	0.00000000e+00
(0,4)	1.16415322e-11
shiftMomentAndFillRow: shiftedMom =
index 	  moment  
(0,0)	9.76562500e-04
(1,0)	3.05175781e-05
(2,0)	1.03314718e-06
(3,0)	3.72529030e-08
(4,0)	1.40862539e-09
(0,1)	9.15528120e-05
(1,1)	2.86102537e-06
(2,1)	9.68576299e-08
(3,1)	3.49246262e-09
(0,2)	8.66255626e-06
(1,2)	2.70704883e-07
(2,2)	9.16448823e-09
(0,3)	8.27016512e-07
(1,3)	2.58442660e-08
(0,4)	7.96399846e-08
shiftMomentAndFillRow: amat leaving = 
matrix size = 16 x 15
 1.000e+00  3.125e-02  1.058e-03  3.815e-05  1.442e-06  9.375e-02  2.930e-03  9.918e-05  3.576e-06  8.870e-03  2.772e-04  9.384e-06  8.469e-04  2.646e-05  8.155e-05 
index 	  moment  
(0,0)	9.76562500e-04
(1,0)	0.00000000e+00
(2,0)	7.94728597e-08
(3,0)	0.00000000e+00
(4,0)	1.16415322e-11
(0,1)	0.00000000e+00
(1,1)	0.00000000e+00
(2,1)	0.00000000e+00
(3,1)	0.00000000e+00
(0,2)	7.94728597e-08
(1,2)	0.00000000e+00
(2,2)	6.46751788e-12
(0,3)	0.00000000e+00
(1,3)	0.00000000e+00
(0,4)	1.16415322e-11
shiftMomentAndFillRow: a_currentRow = 14
shiftMomentAndFillRow: a_distance   = (6.25000000e-02,9.37500795e-02)
shiftMomentAndFillRow: input mat row: 
matrix size = 16 x 15
 0.000e+00  0.000e+00  0.000e+00  0.000e+00  0.000e+00  0.000e+00  0.000e+00  0.000e+00  0.000e+00  0.000e+00  0.000e+00  0.000e+00  0.000e+00  0.000e+00  0.000e+00 
shiftMomentAndFillRow:   a_moment =
index 	  moment  
(0,0)	9.76562500e-04
(1,0)	0.00000000e+00
(2,0)	7.94728597e-08
(3,0)	0.00000000e+00
(4,0)	1.16415322e-11
(0,1)	0.00000000e+00
(1,1)	0.00000000e+00
(2,1)	0.00000000e+00
(3,1)	0.00000000e+00
(0,2)	7.94728597e-08
(1,2)	0.00000000e+00
(2,2)	6.46751788e-12
(0,3)	0.00000000e+00
(1,3)	0.00000000e+00
(0,4)	1.16415322e-11
shiftMomentAndFillRow: shiftedMom =
index 	  moment  
(0,0)	9.76562500e-04
(1,0)	6.10351562e-05
(2,0)	3.89417013e-06
(3,0)	2.53319740e-07
(4,0)	1.67754479e-08
(0,1)	9.15528120e-05
(1,1)	5.72205075e-06
(2,1)	3.65078759e-07
(3,1)	2.37487458e-08
(0,2)	8.66255626e-06
(1,2)	5.41409766e-07
(2,2)	3.45430710e-08
(0,3)	8.27016512e-07
(1,3)	5.16885320e-08
(0,4)	7.96399846e-08
shiftMomentAndFillRow: amat leaving = 
matrix size = 16 x 15
 1.000e+00  6.250e-02  3.988e-03  2.594e-04  1.718e-05  9.375e-02  5.859e-03  3.738e-04  2.432e-05  8.870e-03  5.544e-04  3.537e-05  8.469e-04  5.293e-05  8.155e-05 
index 	  moment  
(0,0)	9.76562500e-04
(1,0)	0.00000000e+00
(2,0)	7.94728597e-08
(3,0)	0.00000000e+00
(4,0)	1.16415322e-11
(0,1)	0.00000000e+00
(1,1)	0.00000000e+00
(2,1)	0.00000000e+00
(3,1)	0.00000000e+00
(0,2)	7.94728597e-08
(1,2)	0.00000000e+00
(2,2)	6.46751788e-12
(0,3)	0.00000000e+00
(1,3)	0.00000000e+00
(0,4)	1.16415322e-11
shiftMomentAndFillRow: a_currentRow = 15
shiftMomentAndFillRow: a_distance   = (9.37500000e-02,9.37500795e-02)
shiftMomentAndFillRow: input mat row: 
matrix size = 16 x 15
 0.000e+00  0.000e+00  0.000e+00  0.000e+00  0.000e+00  0.000e+00  0.000e+00  0.000e+00  0.000e+00  0.000e+00  0.000e+00  0.000e+00  0.000e+00  0.000e+00  0.000e+00 
shiftMomentAndFillRow:   a_moment =
index 	  moment  
(0,0)	9.76562500e-04
(1,0)	0.00000000e+00
(2,0)	7.94728597e-08
(3,0)	0.00000000e+00
(4,0)	1.16415322e-11
(0,1)	0.00000000e+00
(1,1)	0.00000000e+00
(2,1)	0.00000000e+00
(3,1)	0.00000000e+00
(0,2)	7.94728597e-08
(1,2)	0.00000000e+00
(2,2)	6.46751788e-12
(0,3)	0.00000000e+00
(1,3)	0.00000000e+00
(0,4)	1.16415322e-11
shiftMomentAndFillRow: shiftedMom =
index 	  moment  
(0,0)	9.76562500e-04
(1,0)	9.15527344e-05
(2,0)	8.66254171e-06
(3,0)	8.27014446e-07
(4,0)	7.96397217e-08
(0,1)	9.15528120e-05
(1,1)	8.58307612e-06
(2,1)	8.12113974e-07
(3,1)	7.75326701e-08
(0,2)	8.66255626e-06
(1,2)	8.12114649e-07
(2,2)	7.68407090e-08
(0,3)	8.27016512e-07
(1,3)	7.75327980e-08
(0,4)	7.96399846e-08
shiftMomentAndFillRow: amat leaving = 
matrix size = 16 x 15
 1.000e+00  9.375e-02  8.870e-03  8.469e-04  8.155e-05  9.375e-02  8.789e-03  8.316e-04  7.939e-05  8.870e-03  8.316e-04  7.868e-05  8.469e-04  7.939e-05  8.155e-05 
Weight matrix: 
matrix size = 16 x 16
 1.000e+00  0.000e+00  0.000e+00  0.000e+00  0.000e+00  0.000e+00  0.000e+00  0.000e+00  0.000e+00  0.000e+00  0.000e+00  0.000e+00  0.000e+00  0.000e+00  0.000e+00  0.000e+00 
 0.000e+00  3.125e-02  0.000e+00  0.000e+00  0.000e+00  0.000e+00  0.000e+00  0.000e+00  0.000e+00  0.000e+00  0.000e+00  0.000e+00  0.000e+00  0.000e+00  0.000e+00  0.000e+00 
 0.000e+00  0.000e+00  4.115e-03  0.000e+00  0.000e+00  0.000e+00  0.000e+00  0.000e+00  0.000e+00  0.000e+00  0.000e+00  0.000e+00  0.000e+00  0.000e+00  0.000e+00  0.000e+00 
 0.000e+00  0.000e+00  0.000e+00  9.766e-04  0.000e+00  0.000e+00  0.000e+00  0.000e+00  0.000e+00  0.000e+00  0.000e+00  0.000e+00  0.000e+00  0.000e+00  0.000e+00  0.000e+00 
 0.000e+00  0.000e+00  0.000e+00  0.000e+00  3.125e-02  0.000e+00  0.000e+00  0.000e+00  0.000e+00  0.000e+00  0.000e+00  0.000e+00  0.000e+00  0.000e+00  0.000e+00  0.000e+00 
 0.000e+00  0.000e+00  0.000e+00  0.000e+00  0.000e+00  4.115e-03  0.000e+00  0.000e+00  0.000e+00  0.000e+00  0.000e+00  0.000e+00  0.000e+00  0.000e+00  0.000e+00  0.000e+00 
 0.000e+00  0.000e+00  0.000e+00  0.000e+00  0.000e+00  0.000e+00  9.766e-04  0.000e+00  0.000e+00  0.000e+00  0.000e+00  0.000e+00  0.000e+00  0.000e+00  0.000e+00  0.000e+00 
 0.000e+00  0.000e+00  0.000e+00  0.000e+00  0.000e+00  0.000e+00  0.000e+00  3.200e-04  0.000e+00  0.000e+00  0.000e+00  0.000e+00  0.000e+00  0.000e+00  0.000e+00  0.000e+00 
 0.000e+00  0.000e+00  0.000e+00  0.000e+00  0.000e+00  0.000e+00  0.000e+00  0.000e+00  4.115e-03  0.000e+00  0.000e+00  0.000e+00  0.000e+00  0.000e+00  0.000e+00  0.000e+00 
 0.000e+00  0.000e+00  0.000e+00  0.000e+00  0.000e+00  0.000e+00  0.000e+00  0.000e+00  0.000e+00  9.766e-04  0.000e+00  0.000e+00  0.000e+00  0.000e+00  0.000e+00  0.000e+00 
 0.000e+00  0.000e+00  0.000e+00  0.000e+00  0.000e+00  0.000e+00  0.000e+00  0.000e+00  0.000e+00  0.000e+00  3.200e-04  0.000e+00  0.000e+00  0.000e+00  0.000e+00  0.000e+00 
 0.000e+00  0.000e+00  0.000e+00  0.000e+00  0.000e+00  0.000e+00  0.000e+00  0.000e+00  0.000e+00  0.000e+00  0.000e+00  1.286e-04  0.000e+00  0.000e+00  0.000e+00  0.000e+00 
 0.000e+00  0.000e+00  0.000e+00  0.000e+00  0.000e+00  0.000e+00  0.000e+00  0.000e+00  0.000e+00  0.000e+00  0.000e+00  0.000e+00  9.766e-04  0.000e+00  0.000e+00  0.000e+00 
 0.000e+00  0.000e+00  0.000e+00  0.000e+00  0.000e+00  0.000e+00  0.000e+00  0.000e+00  0.000e+00  0.000e+00  0.000e+00  0.000e+00  0.000e+00  3.200e-04  0.000e+00  0.000e+00 
 0.000e+00  0.000e+00  0.000e+00  0.000e+00  0.000e+00  0.000e+00  0.000e+00  0.000e+00  0.000e+00  0.000e+00  0.000e+00  0.000e+00  0.000e+00  0.000e+00  1.286e-04  0.000e+00 
 0.000e+00  0.000e+00  0.000e+00  0.000e+00  0.000e+00  0.000e+00  0.000e+00  0.000e+00  0.000e+00  0.000e+00  0.000e+00  0.000e+00  0.000e+00  0.000e+00  0.000e+00  5.950e-05 
Moment matrix: 
matrix size = 16 x 15
 1.000e+00  0.000e+00  8.138e-05  0.000e+00  1.192e-08  7.947e-08  0.000e+00  6.468e-12  0.000e+00  8.138e-05  0.000e+00  6.623e-09  1.940e-11  0.000e+00  1.192e-08 
 1.000e+00  3.125e-02  1.058e-03  3.815e-05  1.442e-06  7.947e-08  2.484e-09  8.408e-11  3.032e-12  8.138e-05  2.543e-06  8.610e-08  1.940e-11  6.063e-13  1.192e-08 
 1.000e+00  6.250e-02  3.988e-03  2.594e-04  1.718e-05  7.947e-08  4.967e-09  3.169e-10  2.062e-11  8.138e-05  5.086e-06  3.245e-07  1.940e-11  1.213e-12  1.192e-08 
 1.000e+00  9.375e-02  8.870e-03  8.469e-04  8.155e-05  7.947e-08  7.451e-09  7.050e-10  6.730e-11  8.138e-05  7.629e-06  7.219e-07  1.940e-11  1.819e-12  1.192e-08 
 1.000e+00  0.000e+00  8.138e-05  0.000e+00  1.192e-08  3.125e-02  0.000e+00  2.543e-06  0.000e+00  1.058e-03  0.000e+00  8.610e-08  3.815e-05  0.000e+00  1.442e-06 
 1.000e+00  3.125e-02  1.058e-03  3.815e-05  1.442e-06  3.125e-02  9.766e-04  3.306e-05  1.192e-06  1.058e-03  3.306e-05  1.119e-06  3.815e-05  1.192e-06  1.442e-06 
 1.000e+00  6.250e-02  3.988e-03  2.594e-04  1.718e-05  3.125e-02  1.953e-03  1.246e-04  8.106e-06  1.058e-03  6.612e-05  4.219e-06  3.815e-05  2.384e-06  1.442e-06 
 1.000e+00  9.375e-02  8.870e-03  8.469e-04  8.155e-05  3.125e-02  2.930e-03  2.772e-04  2.646e-05  1.058e-03  9.918e-05  9.384e-06  3.815e-05  3.576e-06  1.442e-06 
 1.000e+00  0.000e+00  8.138e-05  0.000e+00  1.192e-08  6.250e-02  0.000e+00  5.086e-06  0.000e+00  3.988e-03  0.000e+00  3.245e-07  2.594e-04  0.000e+00  1.718e-05 
 1.000e+00  3.125e-02  1.058e-03  3.815e-05  1.442e-06  6.250e-02  1.953e-03  6.612e-05  2.384e-06  3.988e-03  1.246e-04  4.219e-06  2.594e-04  8.106e-06  1.718e-05 
 1.000e+00  6.250e-02  3.988e-03  2.594e-04  1.718e-05  6.250e-02  3.906e-03  2.492e-04  1.621e-05  3.988e-03  2.492e-04  1.590e-05  2.594e-04  1.621e-05  1.718e-05 
 1.000e+00  9.375e-02  8.870e-03  8.469e-04  8.155e-05  6.250e-02  5.859e-03  5.544e-04  5.293e-05  3.988e-03  3.738e-04  3.537e-05  2.594e-04  2.432e-05  1.718e-05 
 1.000e+00  0.000e+00  8.138e-05  0.000e+00  1.192e-08  9.375e-02  0.000e+00  7.629e-06  0.000e+00  8.870e-03  0.000e+00  7.219e-07  8.469e-04  0.000e+00  8.155e-05 
 1.000e+00  3.125e-02  1.058e-03  3.815e-05  1.442e-06  9.375e-02  2.930e-03  9.918e-05  3.576e-06  8.870e-03  2.772e-04  9.384e-06  8.469e-04  2.646e-05  8.155e-05 
 1.000e+00  6.250e-02  3.988e-03  2.594e-04  1.718e-05  9.375e-02  5.859e-03  3.738e-04  2.432e-05  8.870e-03  5.544e-04  3.537e-05  8.469e-04  5.293e-05  8.155e-05 
 1.000e+00  9.375e-02  8.870e-03  8.469e-04  8.155e-05  9.375e-02  8.789e-03  8.316e-04  7.939e-05  8.870e-03  8.316e-04  7.868e-05  8.469e-04  7.939e-05  8.155e-05 
WM   matrix: 
matrix size = 16 x 15
 1.000e+00  0.000e+00  8.138e-05  0.000e+00  1.192e-08  7.947e-08  0.000e+00  6.468e-12  0.000e+00  8.138e-05  0.000e+00  6.623e-09  1.940e-11  0.000e+00  1.192e-08 
 3.125e-02  9.766e-04  3.306e-05  1.192e-06  4.508e-08  2.484e-09  7.761e-11  2.627e-12  9.474e-14  2.543e-06  7.947e-08  2.690e-09  6.063e-13  1.895e-14  3.725e-10 
 4.115e-03  2.572e-04  1.641e-05  1.067e-06  7.069e-08  3.270e-10  2.044e-11  1.304e-12  8.484e-14  3.349e-07  2.093e-08  1.335e-09  7.985e-14  4.990e-15  4.906e-11 
 9.766e-04  9.155e-05  8.663e-06  8.270e-07  7.964e-08  7.761e-11  7.276e-12  6.884e-13  6.573e-14  7.947e-08  7.451e-09  7.050e-10  1.895e-14  1.776e-15  1.164e-11 
 3.125e-02  0.000e+00  2.543e-06  0.000e+00  3.725e-10  9.766e-04  0.000e+00  7.947e-08  0.000e+00  3.306e-05  0.000e+00  2.691e-09  1.192e-06  0.000e+00  4.508e-08 
 4.115e-03  1.286e-04  4.354e-06  1.570e-07  5.936e-09  1.286e-04  4.019e-06  1.361e-07  4.906e-09  4.354e-06  1.361e-07  4.606e-09  1.570e-07  4.906e-09  5.936e-09 
 9.766e-04  6.104e-05  3.894e-06  2.533e-07  1.678e-08  3.052e-05  1.907e-06  1.217e-07  7.916e-09  1.033e-06  6.457e-08  4.120e-09  3.725e-08  2.328e-09  1.409e-09 
 3.200e-04  3.000e-05  2.839e-06  2.710e-07  2.610e-08  1.000e-05  9.375e-07  8.870e-08  8.469e-09  3.385e-07  3.174e-08  3.003e-09  1.221e-08  1.144e-09  4.616e-10 
 4.115e-03  0.000e+00  3.349e-07  0.000e+00  4.906e-11  2.572e-04  0.000e+00  2.093e-08  0.000e+00  1.641e-05  0.000e+00  1.335e-09  1.067e-06  0.000e+00  7.069e-08 
 9.766e-04  3.052e-05  1.033e-06  3.725e-08  1.409e-09  6.104e-05  1.907e-06  6.457e-08  2.328e-09  3.894e-06  1.217e-07  4.120e-09  2.533e-07  7.916e-09  1.678e-08 
 3.200e-04  2.000e-05  1.276e-06  8.301e-08  5.497e-09  2.000e-05  1.250e-06  7.975e-08  5.188e-09  1.276e-06  7.975e-08  5.088e-09  8.301e-08  5.188e-09  5.497e-09 
 1.286e-04  1.206e-05  1.141e-06  1.089e-07  1.049e-08  8.038e-06  7.535e-07  7.130e-08  6.807e-09  5.128e-07  4.808e-08  4.549e-09  3.336e-08  3.127e-09  2.209e-09 
 9.766e-04  0.000e+00  7.947e-08  0.000e+00  1.164e-11  9.155e-05  0.000e+00  7.451e-09  0.000e+00  8.663e-06  0.000e+00  7.050e-10  8.270e-07  0.000e+00  7.964e-08 
 3.200e-04  1.000e-05  3.385e-07  1.221e-08  4.616e-10  3.000e-05  9.375e-07  3.174e-08  1.144e-09  2.839e-06  8.870e-08  3.003e-09  2.710e-07  8.469e-09  2.610e-08 
 1.286e-04  8.038e-06  5.128e-07  3.336e-08  2.209e-09  1.206e-05  7.535e-07  4.808e-08  3.127e-09  1.141e-06  7.130e-08  4.549e-09  1.089e-07  6.807e-09  1.049e-08 
 5.950e-05  5.578e-06  5.278e-07  5.039e-08  4.852e-09  5.578e-06  5.229e-07  4.948e-08  4.724e-09  5.278e-07  4.948e-08  4.682e-09  5.039e-08  4.724e-09  4.852e-09 
WM^T matrix: 
matrix size = 15 x 16
 1.000e+00  3.125e-02  4.115e-03  9.766e-04  3.125e-02  4.115e-03  9.766e-04  3.200e-04  4.115e-03  9.766e-04  3.200e-04  1.286e-04  9.766e-04  3.200e-04  1.286e-04  5.950e-05 
 0.000e+00  9.766e-04  2.572e-04  9.155e-05  0.000e+00  1.286e-04  6.104e-05  3.000e-05  0.000e+00  3.052e-05  2.000e-05  1.206e-05  0.000e+00  1.000e-05  8.038e-06  5.578e-06 
 8.138e-05  3.306e-05  1.641e-05  8.663e-06  2.543e-06  4.354e-06  3.894e-06  2.839e-06  3.349e-07  1.033e-06  1.276e-06  1.141e-06  7.947e-08  3.385e-07  5.128e-07  5.278e-07 
 0.000e+00  1.192e-06  1.067e-06  8.270e-07  0.000e+00  1.570e-07  2.533e-07  2.710e-07  0.000e+00  3.725e-08  8.301e-08  1.089e-07  0.000e+00  1.221e-08  3.336e-08  5.039e-08 
 1.192e-08  4.508e-08  7.069e-08  7.964e-08  3.725e-10  5.936e-09  1.678e-08  2.610e-08  4.906e-11  1.409e-09  5.497e-09  1.049e-08  1.164e-11  4.616e-10  2.209e-09  4.852e-09 
 7.947e-08  2.484e-09  3.270e-10  7.761e-11  9.766e-04  1.286e-04  3.052e-05  1.000e-05  2.572e-04  6.104e-05  2.000e-05  8.038e-06  9.155e-05  3.000e-05  1.206e-05  5.578e-06 
 0.000e+00  7.761e-11  2.044e-11  7.276e-12  0.000e+00  4.019e-06  1.907e-06  9.375e-07  0.000e+00  1.907e-06  1.250e-06  7.535e-07  0.000e+00  9.375e-07  7.535e-07  5.229e-07 
 6.468e-12  2.627e-12  1.304e-12  6.884e-13  7.947e-08  1.361e-07  1.217e-07  8.870e-08  2.093e-08  6.457e-08  7.975e-08  7.130e-08  7.451e-09  3.174e-08  4.808e-08  4.948e-08 
 0.000e+00  9.474e-14  8.484e-14  6.573e-14  0.000e+00  4.906e-09  7.916e-09  8.469e-09  0.000e+00  2.328e-09  5.188e-09  6.807e-09  0.000e+00  1.144e-09  3.127e-09  4.724e-09 
 8.138e-05  2.543e-06  3.349e-07  7.947e-08  3.306e-05  4.354e-06  1.033e-06  3.385e-07  1.641e-05  3.894e-06  1.276e-06  5.128e-07  8.663e-06  2.839e-06  1.141e-06  5.278e-07 
 0.000e+00  7.947e-08  2.093e-08  7.451e-09  0.000e+00  1.361e-07  6.457e-08  3.174e-08  0.000e+00  1.217e-07  7.975e-08  4.808e-08  0.000e+00  8.870e-08  7.130e-08  4.948e-08 
 6.623e-09  2.690e-09  1.335e-09  7.050e-10  2.691e-09  4.606e-09  4.120e-09  3.003e-09  1.335e-09  4.120e-09  5.088e-09  4.549e-09  7.050e-10  3.003e-09  4.549e-09  4.682e-09 
 1.940e-11  6.063e-13  7.985e-14  1.895e-14  1.192e-06  1.570e-07  3.725e-08  1.221e-08  1.067e-06  2.533e-07  8.301e-08  3.336e-08  8.270e-07  2.710e-07  1.089e-07  5.039e-08 
 0.000e+00  1.895e-14  4.990e-15  1.776e-15  0.000e+00  4.906e-09  2.328e-09  1.144e-09  0.000e+00  7.916e-09  5.188e-09  3.127e-09  0.000e+00  8.469e-09  6.807e-09  4.724e-09 
 1.192e-08  3.725e-10  4.906e-11  1.164e-11  4.508e-08  5.936e-09  1.409e-09  4.616e-10  7.069e-08  1.678e-08  5.497e-09  2.209e-09  7.964e-08  2.610e-08  1.049e-08  4.852e-09 
A matrix: 
matrix size = 15 x 15
 1.002e+00  3.231e-05  8.259e-05  4.352e-08  1.376e-08  3.239e-05  2.149e-08  3.408e-09  3.649e-11  8.259e-05  3.401e-09  6.835e-09  4.354e-08  3.649e-11  1.376e-08 
 3.231e-05  1.051e-06  3.826e-08  1.563e-09  7.239e-11  2.149e-08  7.721e-10  3.299e-11  1.688e-12  3.401e-09  1.137e-10  4.344e-12  3.649e-11  1.356e-12  2.262e-12 
 8.259e-05  3.826e-08  8.113e-09  6.685e-11  4.501e-12  3.408e-09  3.299e-11  1.840e-12  9.750e-14  6.835e-09  4.344e-12  7.297e-13  4.900e-12  6.089e-14  1.204e-12 
 4.352e-08  1.563e-09  6.685e-11  3.431e-12  2.093e-13  3.649e-11  1.688e-12  9.750e-14  6.686e-15  4.898e-12  1.919e-13  9.292e-15  6.683e-14  3.305e-15  4.155e-15 
 1.376e-08  7.239e-11  4.501e-12  2.093e-13  1.468e-14  2.263e-12  1.024e-13  6.833e-15  5.165e-16  1.204e-12  9.927e-15  6.423e-16  4.155e-15  2.124e-16  3.912e-16 
 3.239e-05  2.149e-08  3.408e-09  3.649e-11  2.263e-12  1.051e-06  7.720e-10  1.137e-10  1.356e-12  3.827e-08  3.299e-11  4.345e-12  1.563e-09  1.688e-12  7.239e-11 
 2.149e-08  7.721e-10  3.299e-11  1.688e-12  1.024e-13  7.720e-10  2.816e-11  1.230e-12  6.471e-14  3.299e-11  1.230e-12  5.552e-14  1.688e-12  6.471e-14  1.024e-13 
 3.408e-09  3.299e-11  1.840e-12  9.750e-14  6.833e-15  1.137e-10  1.230e-12  6.938e-14  3.852e-15  4.345e-12  5.552e-14  3.183e-15  1.919e-13  3.030e-15  9.927e-15 
