Running test for polynomial order = 4
eigen inverse test
A = 
matrix size = 4 x 4
 1.000e+00  2.000e+00  3.000e+00  4.000e+00 
 5.000e+00 -6.000e+00  7.000e+00  8.000e+00 
 9.000e+00  1.000e+01  1.100e+01  1.200e+01 
 1.300e+01  1.400e+01  1.500e+01 -1.600e+01 

Ainv = 
matrix size = 4 x 4
-7.161e-01  4.167e-02  1.901e-01 -1.563e-02 
 4.167e-02 -8.333e-02  4.167e-02  4.266e-18 
 5.651e-01  4.167e-02 -1.536e-01  4.688e-02 
-1.562e-02  3.740e-18  4.687e-02 -3.125e-02 

A * Ainv = 
matrix size = 4 x 4
 1.000e+00 -2.667e-17 -2.776e-17  0.000e+00 
-4.857e-16  1.000e+00  1.110e-16 -5.551e-17 
-6.939e-18  8.652e-17  1.000e+00  0.000e+00 
-6.939e-16 -7.373e-17 -1.110e-16  1.000e+00 

nx = 32
max_grid = 32
Cell merging is turned ON.
making grids
all regular geometry
defining geometry in EB land
maximum (non covered) volume fraction for grids[0] = 1.000e+00
minimum (non covered) volume fraction for grids[0] = 1.000e+00
maximum volume fraction overall = 1.000e+00
minimum volume fraction overall = 1.000e+00
SubVolVec: ientry = 0
volume :((0 ,0 )), volmom = 
index 	  moment  
(0,0)	9.76562500e-04
(1,0)	0.00000000e+00
(2,0)	7.94728597e-08
(3,0)	0.00000000e+00
(4,0)	1.16415322e-11
(0,1)	0.00000000e+00
(1,1)	0.00000000e+00
(2,1)	0.00000000e+00
(3,1)	0.00000000e+00
(0,2)	7.94728597e-08
(1,2)	0.00000000e+00
(2,2)	6.46751788e-12
(0,3)	0.00000000e+00
(1,3)	0.00000000e+00
(0,4)	1.16415322e-11
index 	  moment  
(0,0)	9.76562500e-04
(1,0)	0.00000000e+00
(2,0)	7.94728597e-08
(3,0)	0.00000000e+00
(4,0)	1.16415322e-11
(0,1)	0.00000000e+00
(1,1)	0.00000000e+00
(2,1)	0.00000000e+00
(3,1)	0.00000000e+00
(0,2)	7.94728597e-08
(1,2)	0.00000000e+00
(2,2)	6.46751788e-12
(0,3)	0.00000000e+00
(1,3)	0.00000000e+00
(0,4)	1.16415322e-11
shiftMomentAndFillRow: a_currentRow = 0
shiftMomentAndFillRow: a_distance   = (0.00000000e+00,7.94728597e-08)
shiftMomentAndFillRow: input mat row: 
matrix size = 16 x 15
 0.000e+00  0.000e+00  0.000e+00  0.000e+00  0.000e+00  0.000e+00  0.000e+00  0.000e+00  0.000e+00  0.000e+00  0.000e+00  0.000e+00  0.000e+00  0.000e+00  0.000e+00 
shiftMomentAndFillRow:   a_moment =
index 	  moment  
(0,0)	9.76562500e-04
(1,0)	0.00000000e+00
(2,0)	7.94728597e-08
(3,0)	0.00000000e+00
(4,0)	1.16415322e-11
(0,1)	0.00000000e+00
(1,1)	0.00000000e+00
(2,1)	0.00000000e+00
(3,1)	0.00000000e+00
(0,2)	7.94728597e-08
(1,2)	0.00000000e+00
(2,2)	6.46751788e-12
(0,3)	0.00000000e+00
(1,3)	0.00000000e+00
(0,4)	1.16415322e-11
shiftMomentAndFillRow: shiftedMom =
index 	  moment  
(0,0)	9.76562500e-04
(1,0)	0.00000000e+00
(2,0)	7.94728597e-08
(3,0)	0.00000000e+00
(4,0)	1.16415322e-11
(0,1)	7.76102146e-11
(1,1)	0.00000000e+00
(2,1)	6.31593543e-15
(3,1)	0.00000000e+00
(0,2)	7.94728597e-08
(1,2)	0.00000000e+00
(2,2)	6.46751788e-12
(0,3)	1.89478063e-14
(1,3)	0.00000000e+00
(0,4)	1.16415322e-11
shiftMomentAndFillRow: amat leaving = 
matrix size = 16 x 15
 1.000e+00  0.000e+00  8.138e-05  0.000e+00  1.192e-08  7.947e-08  0.000e+00  6.468e-12  0.000e+00  8.138e-05  0.000e+00  6.623e-09  1.940e-11  0.000e+00  1.192e-08 
index 	  moment  
(0,0)	9.76562500e-04
(1,0)	0.00000000e+00
(2,0)	7.94728597e-08
(3,0)	0.00000000e+00
(4,0)	1.16415322e-11
(0,1)	0.00000000e+00
(1,1)	0.00000000e+00
(2,1)	0.00000000e+00
(3,1)	0.00000000e+00
(0,2)	7.94728597e-08
(1,2)	0.00000000e+00
(2,2)	6.46751788e-12
(0,3)	0.00000000e+00
(1,3)	0.00000000e+00
(0,4)	1.16415322e-11
shiftMomentAndFillRow: a_currentRow = 1
shiftMomentAndFillRow: a_distance   = (3.12500000e-02,7.94728597e-08)
shiftMomentAndFillRow: input mat row: 
matrix size = 16 x 15
 0.000e+00  0.000e+00  0.000e+00  0.000e+00  0.000e+00  0.000e+00  0.000e+00  0.000e+00  0.000e+00  0.000e+00  0.000e+00  0.000e+00  0.000e+00  0.000e+00  0.000e+00 
shiftMomentAndFillRow:   a_moment =
index 	  moment  
(0,0)	9.76562500e-04
(1,0)	0.00000000e+00
(2,0)	7.94728597e-08
(3,0)	0.00000000e+00
(4,0)	1.16415322e-11
(0,1)	0.00000000e+00
(1,1)	0.00000000e+00
(2,1)	0.00000000e+00
(3,1)	0.00000000e+00
(0,2)	7.94728597e-08
(1,2)	0.00000000e+00
(2,2)	6.46751788e-12
(0,3)	0.00000000e+00
(1,3)	0.00000000e+00
(0,4)	1.16415322e-11
shiftMomentAndFillRow: shiftedMom =
index 	  moment  
(0,0)	9.76562500e-04
(1,0)	3.05175781e-05
(2,0)	1.03314718e-06
(3,0)	3.72529030e-08
(4,0)	1.40862539e-09
(0,1)	7.76102146e-11
(1,1)	2.42531920e-12
(2,1)	8.21071606e-14
(3,1)	2.96059473e-15
(0,2)	7.94728597e-08
(1,2)	2.48352687e-09
(2,2)	8.40777324e-11
(0,3)	1.89478063e-14
(1,3)	5.92118946e-16
(0,4)	1.16415322e-11
shiftMomentAndFillRow: amat leaving = 
matrix size = 16 x 15
 1.000e+00  3.125e-02  1.058e-03  3.815e-05  1.442e-06  7.947e-08  2.484e-09  8.408e-11  3.032e-12  8.138e-05  2.543e-06  8.610e-08  1.940e-11  6.063e-13  1.192e-08 
index 	  moment  
(0,0)	9.76562500e-04
(1,0)	0.00000000e+00
(2,0)	7.94728597e-08
(3,0)	0.00000000e+00
(4,0)	1.16415322e-11
(0,1)	0.00000000e+00
(1,1)	0.00000000e+00
(2,1)	0.00000000e+00
(3,1)	0.00000000e+00
(0,2)	7.94728597e-08
(1,2)	0.00000000e+00
(2,2)	6.46751788e-12
(0,3)	0.00000000e+00
(1,3)	0.00000000e+00
(0,4)	1.16415322e-11
shiftMomentAndFillRow: a_currentRow = 2
shiftMomentAndFillRow: a_distance   = (6.25000000e-02,7.94728597e-08)
shiftMomentAndFillRow: input mat row: 
matrix size = 16 x 15
 0.000e+00  0.000e+00  0.000e+00  0.000e+00  0.000e+00  0.000e+00  0.000e+00  0.000e+00  0.000e+00  0.000e+00  0.000e+00  0.000e+00  0.000e+00  0.000e+00  0.000e+00 
shiftMomentAndFillRow:   a_moment =
index 	  moment  
(0,0)	9.76562500e-04
(1,0)	0.00000000e+00
(2,0)	7.94728597e-08
(3,0)	0.00000000e+00
(4,0)	1.16415322e-11
(0,1)	0.00000000e+00
(1,1)	0.00000000e+00
(2,1)	0.00000000e+00
(3,1)	0.00000000e+00
(0,2)	7.94728597e-08
(1,2)	0.00000000e+00
(2,2)	6.46751788e-12
(0,3)	0.00000000e+00
(1,3)	0.00000000e+00
(0,4)	1.16415322e-11
shiftMomentAndFillRow: shiftedMom =
index 	  moment  
(0,0)	9.76562500e-04
(1,0)	6.10351562e-05
(2,0)	3.89417013e-06
(3,0)	2.53319740e-07
(4,0)	1.67754479e-08
(0,1)	7.76102146e-11
(1,1)	4.85063841e-12
(2,1)	3.09480836e-13
(3,1)	2.01320442e-14
(0,2)	7.94728597e-08
(1,2)	4.96705373e-09
(2,2)	3.16908376e-10
(0,3)	1.89478063e-14
(1,3)	1.18423789e-15
(0,4)	1.16415322e-11
shiftMomentAndFillRow: amat leaving = 
matrix size = 16 x 15
 1.000e+00  6.250e-02  3.988e-03  2.594e-04  1.718e-05  7.947e-08  4.967e-09  3.169e-10  2.062e-11  8.138e-05  5.086e-06  3.245e-07  1.940e-11  1.213e-12  1.192e-08 
index 	  moment  
(0,0)	9.76562500e-04
(1,0)	0.00000000e+00
(2,0)	7.94728597e-08
(3,0)	0.00000000e+00
(4,0)	1.16415322e-11
(0,1)	0.00000000e+00
(1,1)	0.00000000e+00
(2,1)	0.00000000e+00
(3,1)	0.00000000e+00
(0,2)	7.94728597e-08
(1,2)	0.00000000e+00
(2,2)	6.46751788e-12
(0,3)	0.00000000e+00
(1,3)	0.00000000e+00
(0,4)	1.16415322e-11
shiftMomentAndFillRow: a_currentRow = 3
shiftMomentAndFillRow: a_distance   = (9.37500000e-02,7.94728597e-08)
shiftMomentAndFillRow: input mat row: 
matrix size = 16 x 15
 0.000e+00  0.000e+00  0.000e+00  0.000e+00  0.000e+00  0.000e+00  0.000e+00  0.000e+00  0.000e+00  0.000e+00  0.000e+00  0.000e+00  0.000e+00  0.000e+00  0.000e+00 
shiftMomentAndFillRow:   a_moment =
index 	  moment  
(0,0)	9.76562500e-04
(1,0)	0.00000000e+00
(2,0)	7.94728597e-08
(3,0)	0.00000000e+00
(4,0)	1.16415322e-11
(0,1)	0.00000000e+00
(1,1)	0.00000000e+00
(2,1)	0.00000000e+00
(3,1)	0.00000000e+00
(0,2)	7.94728597e-08
(1,2)	0.00000000e+00
(2,2)	6.46751788e-12
(0,3)	0.00000000e+00
(1,3)	0.00000000e+00
(0,4)	1.16415322e-11
shiftMomentAndFillRow: shiftedMom =
index 	  moment  
(0,0)	9.76562500e-04
(1,0)	9.15527344e-05
(2,0)	8.66254171e-06
(3,0)	8.27014446e-07
(4,0)	7.96397217e-08
(0,1)	7.76102146e-11
(1,1)	7.27595761e-12
(2,1)	6.88436962e-13
(3,1)	6.57252031e-14
(0,2)	7.94728597e-08
(1,2)	7.45058060e-09
(2,2)	7.04959449e-10
(0,3)	1.89478063e-14
(1,3)	1.77635684e-15
(0,4)	1.16415322e-11
shiftMomentAndFillRow: amat leaving = 
matrix size = 16 x 15
 1.000e+00  9.375e-02  8.870e-03  8.469e-04  8.155e-05  7.947e-08  7.451e-09  7.050e-10  6.730e-11  8.138e-05  7.629e-06  7.219e-07  1.940e-11  1.819e-12  1.192e-08 
index 	  moment  
(0,0)	9.76562500e-04
(1,0)	0.00000000e+00
(2,0)	7.94728597e-08
(3,0)	0.00000000e+00
(4,0)	1.16415322e-11
(0,1)	0.00000000e+00
(1,1)	0.00000000e+00
(2,1)	0.00000000e+00
(3,1)	0.00000000e+00
(0,2)	7.94728597e-08
(1,2)	0.00000000e+00
(2,2)	6.46751788e-12
(0,3)	0.00000000e+00
(1,3)	0.00000000e+00
(0,4)	1.16415322e-11
shiftMomentAndFillRow: a_currentRow = 4
shiftMomentAndFillRow: a_distance   = (0.00000000e+00,3.12500795e-02)
shiftMomentAndFillRow: input mat row: 
matrix size = 16 x 15
 0.000e+00  0.000e+00  0.000e+00  0.000e+00  0.000e+00  0.000e+00  0.000e+00  0.000e+00  0.000e+00  0.000e+00  0.000e+00  0.000e+00  0.000e+00  0.000e+00  0.000e+00 
shiftMomentAndFillRow:   a_moment =
index 	  moment  
(0,0)	9.76562500e-04
(1,0)	0.00000000e+00
(2,0)	7.94728597e-08
(3,0)	0.00000000e+00
(4,0)	1.16415322e-11
(0,1)	0.00000000e+00
(1,1)	0.00000000e+00
(2,1)	0.00000000e+00
(3,1)	0.00000000e+00
(0,2)	7.94728597e-08
(1,2)	0.00000000e+00
(2,2)	6.46751788e-12
(0,3)	0.00000000e+00
(1,3)	0.00000000e+00
(0,4)	1.16415322e-11
shiftMomentAndFillRow: shiftedMom =
index 	  moment  
(0,0)	9.76562500e-04
(1,0)	0.00000000e+00
(2,0)	7.94728597e-08
(3,0)	0.00000000e+00
(4,0)	1.16415322e-11
(0,1)	3.05176557e-05
(1,1)	0.00000000e+00
(2,1)	2.48353318e-09
(3,1)	0.00000000e+00
(0,2)	1.03315203e-06
(1,2)	0.00000000e+00
(2,2)	8.40781272e-11
(0,3)	3.72531493e-08
(1,3)	0.00000000e+00
(0,4)	1.40863724e-09
shiftMomentAndFillRow: amat leaving = 
matrix size = 16 x 15
 1.000e+00  0.000e+00  8.138e-05  0.000e+00  1.192e-08  3.125e-02  0.000e+00  2.543e-06  0.000e+00  1.058e-03  0.000e+00  8.610e-08  3.815e-05  0.000e+00  1.442e-06 
index 	  moment  
(0,0)	9.76562500e-04
(1,0)	0.00000000e+00
(2,0)	7.94728597e-08
(3,0)	0.00000000e+00
(4,0)	1.16415322e-11
(0,1)	0.00000000e+00
(1,1)	0.00000000e+00
(2,1)	0.00000000e+00
(3,1)	0.00000000e+00
(0,2)	7.94728597e-08
(1,2)	0.00000000e+00
(2,2)	6.46751788e-12
(0,3)	0.00000000e+00
(1,3)	0.00000000e+00
(0,4)	1.16415322e-11
shiftMomentAndFillRow: a_currentRow = 5
shiftMomentAndFillRow: a_distance   = (3.12500000e-02,3.12500795e-02)
shiftMomentAndFillRow: input mat row: 
matrix size = 16 x 15
 0.000e+00  0.000e+00  0.000e+00  0.000e+00  0.000e+00  0.000e+00  0.000e+00  0.000e+00  0.000e+00  0.000e+00  0.000e+00  0.000e+00  0.000e+00  0.000e+00  0.000e+00 
shiftMomentAndFillRow:   a_moment =
index 	  moment  
(0,0)	9.76562500e-04
(1,0)	0.00000000e+00
(2,0)	7.94728597e-08
(3,0)	0.00000000e+00
(4,0)	1.16415322e-11
(0,1)	0.00000000e+00
(1,1)	0.00000000e+00
(2,1)	0.00000000e+00
(3,1)	0.00000000e+00
(0,2)	7.94728597e-08
(1,2)	0.00000000e+00
(2,2)	6.46751788e-12
(0,3)	0.00000000e+00
(1,3)	0.00000000e+00
(0,4)	1.16415322e-11
shiftMomentAndFillRow: shiftedMom =
index 	  moment  
(0,0)	9.76562500e-04
(1,0)	3.05175781e-05
(2,0)	1.03314718e-06
(3,0)	3.72529030e-08
(4,0)	1.40862539e-09
(0,1)	3.05176557e-05
(1,1)	9.53676742e-07
(2,1)	3.22859314e-08
(3,1)	1.16415618e-09
(0,2)	1.03315203e-06
(1,2)	3.22860008e-08
(2,2)	1.09301565e-09
(0,3)	3.72531493e-08
(1,3)	1.16416092e-09
(0,4)	1.40863724e-09
shiftMomentAndFillRow: amat leaving = 
matrix size = 16 x 15
 1.000e+00  3.125e-02  1.058e-03  3.815e-05  1.442e-06  3.125e-02  9.766e-04  3.306e-05  1.192e-06  1.058e-03  3.306e-05  1.119e-06  3.815e-05  1.192e-06  1.442e-06 
index 	  moment  
(0,0)	9.76562500e-04
(1,0)	0.00000000e+00
(2,0)	7.94728597e-08
(3,0)	0.00000000e+00
(4,0)	1.16415322e-11
(0,1)	0.00000000e+00
(1,1)	0.00000000e+00
(2,1)	0.00000000e+00
(3,1)	0.00000000e+00
(0,2)	7.94728597e-08
(1,2)	0.00000000e+00
(2,2)	6.46751788e-12
(0,3)	0.00000000e+00
(1,3)	0.00000000e+00
(0,4)	1.16415322e-11
shiftMomentAndFillRow: a_currentRow = 6
shiftMomentAndFillRow: a_distance   = (6.25000000e-02,3.12500795e-02)
shiftMomentAndFillRow: input mat row: 
matrix size = 16 x 15
 0.000e+00  0.000e+00  0.000e+00  0.000e+00  0.000e+00  0.000e+00  0.000e+00  0.000e+00  0.000e+00  0.000e+00  0.000e+00  0.000e+00  0.000e+00  0.000e+00  0.000e+00 
shiftMomentAndFillRow:   a_moment =
index 	  moment  
(0,0)	9.76562500e-04
(1,0)	0.00000000e+00
(2,0)	7.94728597e-08
(3,0)	0.00000000e+00
(4,0)	1.16415322e-11
(0,1)	0.00000000e+00
(1,1)	0.00000000e+00
(2,1)	0.00000000e+00
(3,1)	0.00000000e+00
(0,2)	7.94728597e-08
(1,2)	0.00000000e+00
(2,2)	6.46751788e-12
(0,3)	0.00000000e+00
(1,3)	0.00000000e+00
(0,4)	1.16415322e-11
shiftMomentAndFillRow: shiftedMom =
index 	  moment  
(0,0)	9.76562500e-04
(1,0)	6.10351562e-05
(2,0)	3.89417013e-06
(3,0)	2.53319740e-07
(4,0)	1.67754479e-08
(0,1)	3.05176557e-05
(1,1)	1.90735348e-06
(2,1)	1.21693126e-07
(3,1)	7.91626202e-09
(0,2)	1.03315203e-06
(1,2)	6.45720017e-08
(2,2)	4.11982823e-09
(0,3)	3.72531493e-08
(1,3)	2.32832183e-09
(0,4)	1.40863724e-09
shiftMomentAndFillRow: amat leaving = 
matrix size = 16 x 15
 1.000e+00  6.250e-02  3.988e-03  2.594e-04  1.718e-05  3.125e-02  1.953e-03  1.246e-04  8.106e-06  1.058e-03  6.612e-05  4.219e-06  3.815e-05  2.384e-06  1.442e-06 
index 	  moment  
(0,0)	9.76562500e-04
(1,0)	0.00000000e+00
(2,0)	7.94728597e-08
(3,0)	0.00000000e+00
(4,0)	1.16415322e-11
(0,1)	0.00000000e+00
(1,1)	0.00000000e+00
(2,1)	0.00000000e+00
(3,1)	0.00000000e+00
(0,2)	7.94728597e-08
(1,2)	0.00000000e+00
(2,2)	6.46751788e-12
(0,3)	0.00000000e+00
(1,3)	0.00000000e+00
(0,4)	1.16415322e-11
shiftMomentAndFillRow: a_currentRow = 7
shiftMomentAndFillRow: a_distance   = (9.37500000e-02,3.12500795e-02)
shiftMomentAndFillRow: input mat row: 
matrix size = 16 x 15
 0.000e+00  0.000e+00  0.000e+00  0.000e+00  0.000e+00  0.000e+00  0.000e+00  0.000e+00  0.000e+00  0.000e+00  0.000e+00  0.000e+00  0.000e+00  0.000e+00  0.000e+00 
shiftMomentAndFillRow:   a_moment =
index 	  moment  
(0,0)	9.76562500e-04
(1,0)	0.00000000e+00
(2,0)	7.94728597e-08
(3,0)	0.00000000e+00
(4,0)	1.16415322e-11
(0,1)	0.00000000e+00
(1,1)	0.00000000e+00
(2,1)	0.00000000e+00
(3,1)	0.00000000e+00
(0,2)	7.94728597e-08
(1,2)	0.00000000e+00
(2,2)	6.46751788e-12
(0,3)	0.00000000e+00
(1,3)	0.00000000e+00
(0,4)	1.16415322e-11
shiftMomentAndFillRow: shiftedMom =
index 	  moment  
(0,0)	9.76562500e-04
(1,0)	9.15527344e-05
(2,0)	8.66254171e-06
(3,0)	8.27014446e-07
(4,0)	7.96397217e-08
(0,1)	3.05176557e-05
(1,1)	2.86103023e-06
(2,1)	2.70705117e-07
(3,1)	2.58442672e-08
(0,2)	1.03315203e-06
(1,2)	9.68580025e-08
(2,2)	9.16451586e-09
(0,3)	3.72531493e-08
(1,3)	3.49248275e-09
(0,4)	1.40863724e-09
shiftMomentAndFillRow: amat leaving = 
matrix size = 16 x 15
 1.000e+00  9.375e-02  8.870e-03  8.469e-04  8.155e-05  3.125e-02  2.930e-03  2.772e-04  2.646e-05  1.058e-03  9.918e-05  9.384e-06  3.815e-05  3.576e-06  1.442e-06 
index 	  moment  
(0,0)	9.76562500e-04
(1,0)	0.00000000e+00
(2,0)	7.94728597e-08
(3,0)	0.00000000e+00
(4,0)	1.16415322e-11
(0,1)	0.00000000e+00
(1,1)	0.00000000e+00
(2,1)	0.00000000e+00
(3,1)	0.00000000e+00
(0,2)	7.94728597e-08
(1,2)	0.00000000e+00
(2,2)	6.46751788e-12
(0,3)	0.00000000e+00
(1,3)	0.00000000e+00
(0,4)	1.16415322e-11
shiftMomentAndFillRow: a_currentRow = 8
shiftMomentAndFillRow: a_distance   = (0.00000000e+00,6.25000795e-02)
shiftMomentAndFillRow: input mat row: 
matrix size = 16 x 15
 0.000e+00  0.000e+00  0.000e+00  0.000e+00  0.000e+00  0.000e+00  0.000e+00  0.000e+00  0.000e+00  0.000e+00  0.000e+00  0.000e+00  0.000e+00  0.000e+00  0.000e+00 
shiftMomentAndFillRow:   a_moment =
index 	  moment  
(0,0)	9.76562500e-04
(1,0)	0.00000000e+00
(2,0)	7.94728597e-08
(3,0)	0.00000000e+00
(4,0)	1.16415322e-11
(0,1)	0.00000000e+00
(1,1)	0.00000000e+00
(2,1)	0.00000000e+00
(3,1)	0.00000000e+00
(0,2)	7.94728597e-08
(1,2)	0.00000000e+00
(2,2)	6.46751788e-12
(0,3)	0.00000000e+00
(1,3)	0.00000000e+00
(0,4)	1.16415322e-11
shiftMomentAndFillRow: shiftedMom =
index 	  moment  
(0,0)	9.76562500e-04
(1,0)	0.00000000e+00
(2,0)	7.94728597e-08
(3,0)	0.00000000e+00
(4,0)	1.16415322e-11
(0,1)	6.10352339e-05
(1,1)	0.00000000e+00
(2,1)	4.96706005e-09
(3,1)	0.00000000e+00
(0,2)	3.89417983e-06
(1,2)	0.00000000e+00
(2,2)	3.16909166e-10
(0,3)	2.53320669e-07
(1,3)	0.00000000e+00
(0,4)	1.67755284e-08
shiftMomentAndFillRow: amat leaving = 
matrix size = 16 x 15
 1.000e+00  0.000e+00  8.138e-05  0.000e+00  1.192e-08  6.250e-02  0.000e+00  5.086e-06  0.000e+00  3.988e-03  0.000e+00  3.245e-07  2.594e-04  0.000e+00  1.718e-05 
index 	  moment  
(0,0)	9.76562500e-04
(1,0)	0.00000000e+00
(2,0)	7.94728597e-08
(3,0)	0.00000000e+00
(4,0)	1.16415322e-11
(0,1)	0.00000000e+00
(1,1)	0.00000000e+00
(2,1)	0.00000000e+00
(3,1)	0.00000000e+00
(0,2)	7.94728597e-08
(1,2)	0.00000000e+00
(2,2)	6.46751788e-12
(0,3)	0.00000000e+00
(1,3)	0.00000000e+00
(0,4)	1.16415322e-11
shiftMomentAndFillRow: a_currentRow = 9
shiftMomentAndFillRow: a_distance   = (3.12500000e-02,6.25000795e-02)
shiftMomentAndFillRow: input mat row: 
matrix size = 16 x 15
 0.000e+00  0.000e+00  0.000e+00  0.000e+00  0.000e+00  0.000e+00  0.000e+00  0.000e+00  0.000e+00  0.000e+00  0.000e+00  0.000e+00  0.000e+00  0.000e+00  0.000e+00 
shiftMomentAndFillRow:   a_moment =
index 	  moment  
(0,0)	9.76562500e-04
(1,0)	0.00000000e+00
(2,0)	7.94728597e-08
(3,0)	0.00000000e+00
(4,0)	1.16415322e-11
(0,1)	0.00000000e+00
(1,1)	0.00000000e+00
(2,1)	0.00000000e+00
(3,1)	0.00000000e+00
(0,2)	7.94728597e-08
(1,2)	0.00000000e+00
(2,2)	6.46751788e-12
(0,3)	0.00000000e+00
(1,3)	0.00000000e+00
(0,4)	1.16415322e-11
shiftMomentAndFillRow: shiftedMom =
index 	  moment  
(0,0)	9.76562500e-04
(1,0)	3.05175781e-05
(2,0)	1.03314718e-06
(3,0)	3.72529030e-08
(4,0)	1.40862539e-09
(0,1)	6.10352339e-05
(1,1)	1.90735106e-06
(2,1)	6.45717806e-08
(3,1)	2.32830940e-09
(0,2)	3.89417983e-06
(1,2)	1.21693120e-07
(2,2)	4.11981915e-09
(0,3)	2.53320669e-07
(1,3)	7.91627090e-09
(0,4)	1.67755284e-08
shiftMomentAndFillRow: amat leaving = 
matrix size = 16 x 15
 1.000e+00  3.125e-02  1.058e-03  3.815e-05  1.442e-06  6.250e-02  1.953e-03  6.612e-05  2.384e-06  3.988e-03  1.246e-04  4.219e-06  2.594e-04  8.106e-06  1.718e-05 
index 	  moment  
(0,0)	9.76562500e-04
(1,0)	0.00000000e+00
(2,0)	7.94728597e-08
(3,0)	0.00000000e+00
(4,0)	1.16415322e-11
(0,1)	0.00000000e+00
(1,1)	0.00000000e+00
(2,1)	0.00000000e+00
(3,1)	0.00000000e+00
(0,2)	7.94728597e-08
(1,2)	0.00000000e+00
(2,2)	6.46751788e-12
(0,3)	0.00000000e+00
(1,3)	0.00000000e+00
(0,4)	1.16415322e-11
shiftMomentAndFillRow: a_currentRow = 10
shiftMomentAndFillRow: a_distance   = (6.25000000e-02,6.25000795e-02)
shiftMomentAndFillRow: input mat row: 
matrix size = 16 x 15
 0.000e+00  0.000e+00  0.000e+00  0.000e+00  0.000e+00  0.000e+00  0.000e+00  0.000e+00  0.000e+00  0.000e+00  0.000e+00  0.000e+00  0.000e+00  0.000e+00  0.000e+00 
shiftMomentAndFillRow:   a_moment =
index 	  moment  
(0,0)	9.76562500e-04
(1,0)	0.00000000e+00
(2,0)	7.94728597e-08
(3,0)	0.00000000e+00
(4,0)	1.16415322e-11
(0,1)	0.00000000e+00
(1,1)	0.00000000e+00
(2,1)	0.00000000e+00
(3,1)	0.00000000e+00
(0,2)	7.94728597e-08
(1,2)	0.00000000e+00
(2,2)	6.46751788e-12
(0,3)	0.00000000e+00
(1,3)	0.00000000e+00
(0,4)	1.16415322e-11
shiftMomentAndFillRow: shiftedMom =
index 	  moment  
(0,0)	9.76562500e-04
(1,0)	6.10351562e-05
(2,0)	3.89417013e-06
(3,0)	2.53319740e-07
(4,0)	1.67754479e-08
(0,1)	6.10352339e-05
(1,1)	3.81470212e-06
(2,1)	2.43385942e-07
(3,1)	1.58325039e-08
(0,2)	3.89417983e-06
(1,2)	2.43386239e-07
(2,2)	1.55285491e-08
(0,3)	2.53320669e-07
(1,3)	1.58325418e-08
(0,4)	1.67755284e-08
shiftMomentAndFillRow: amat leaving = 
matrix size = 16 x 15
 1.000e+00  6.250e-02  3.988e-03  2.594e-04  1.718e-05  6.250e-02  3.906e-03  2.492e-04  1.621e-05  3.988e-03  2.492e-04  1.590e-05  2.594e-04  1.621e-05  1.718e-05 
index 	  moment  
(0,0)	9.76562500e-04
(1,0)	0.00000000e+00
(2,0)	7.94728597e-08
(3,0)	0.00000000e+00
(4,0)	1.16415322e-11
(0,1)	0.00000000e+00
(1,1)	0.00000000e+00
(2,1)	0.00000000e+00
(3,1)	0.00000000e+00
(0,2)	7.94728597e-08
(1,2)	0.00000000e+00
(2,2)	6.46751788e-12
(0,3)	0.00000000e+00
(1,3)	0.00000000e+00
(0,4)	1.16415322e-11
shiftMomentAndFillRow: a_currentRow = 11
shiftMomentAndFillRow: a_distance   = (9.37500000e-02,6.25000795e-02)
shiftMomentAndFillRow: input mat row: 
matrix size = 16 x 15
 0.000e+00  0.000e+00  0.000e+00  0.000e+00  0.000e+00  0.000e+00  0.000e+00  0.000e+00  0.000e+00  0.000e+00  0.000e+00  0.000e+00  0.000e+00  0.000e+00  0.000e+00 
shiftMomentAndFillRow:   a_moment =
index 	  moment  
(0,0)	9.76562500e-04
(1,0)	0.00000000e+00
(2,0)	7.94728597e-08
(3,0)	0.00000000e+00
(4,0)	1.16415322e-11
(0,1)	0.00000000e+00
(1,1)	0.00000000e+00
(2,1)	0.00000000e+00
(3,1)	0.00000000e+00
(0,2)	7.94728597e-08
(1,2)	0.00000000e+00
(2,2)	6.46751788e-12
(0,3)	0.00000000e+00
(1,3)	0.00000000e+00
(0,4)	1.16415322e-11
shiftMomentAndFillRow: shiftedMom =
index 	  moment  
(0,0)	9.76562500e-04
(1,0)	9.15527344e-05
(2,0)	8.66254171e-06
(3,0)	8.27014446e-07
(4,0)	7.96397217e-08
(0,1)	6.10352339e-05
(1,1)	5.72205317e-06
(2,1)	5.41409545e-07
(3,1)	5.16884686e-08
(0,2)	3.89417983e-06
(1,2)	3.65079359e-07
(2,2)	3.45430990e-08
(0,3)	2.53320669e-07
(1,3)	2.37488127e-08
(0,4)	1.67755284e-08
shiftMomentAndFillRow: amat leaving = 
matrix size = 16 x 15
 1.000e+00  9.375e-02  8.870e-03  8.469e-04  8.155e-05  6.250e-02  5.859e-03  5.544e-04  5.293e-05  3.988e-03  3.738e-04  3.537e-05  2.594e-04  2.432e-05  1.718e-05 
index 	  moment  
(0,0)	9.76562500e-04
(1,0)	0.00000000e+00
(2,0)	7.94728597e-08
(3,0)	0.00000000e+00
(4,0)	1.16415322e-11
(0,1)	0.00000000e+00
(1,1)	0.00000000e+00
(2,1)	0.00000000e+00
(3,1)	0.00000000e+00
(0,2)	7.94728597e-08
(1,2)	0.00000000e+00
(2,2)	6.46751788e-12
(0,3)	0.00000000e+00
(1,3)	0.00000000e+00
(0,4)	1.16415322e-11
shiftMomentAndFillRow: a_currentRow = 12
shiftMomentAndFillRow: a_distance   = (0.00000000e+00,9.37500795e-02)
shiftMomentAndFillRow: input mat row: 
matrix size = 16 x 15
 0.000e+00  0.000e+00  0.000e+00  0.000e+00  0.000e+00  0.000e+00  0.000e+00  0.000e+00  0.000e+00  0.000e+00  0.000e+00  0.000e+00  0.000e+00  0.000e+00  0.000e+00 
shiftMomentAndFillRow:   a_moment =
index 	  moment  
(0,0)	9.76562500e-04
(1,0)	0.00000000e+00
(2,0)	7.94728597e-08
(3,0)	0.00000000e+00
(4,0)	1.16415322e-11
(0,1)	0.00000000e+00
(1,1)	0.00000000e+00
(2,1)	0.00000000e+00
(3,1)	0.00000000e+00
(0,2)	7.94728597e-08
(1,2)	0.00000000e+00
(2,2)	6.46751788e-12
(0,3)	0.00000000e+00
(1,3)	0.00000000e+00
(0,4)	1.16415322e-11
shiftMomentAndFillRow: shiftedMom =
index 	  moment  
(0,0)	9.76562500e-04
(1,0)	0.00000000e+00
(2,0)	7.94728597e-08
(3,0)	0.00000000e+00
(4,0)	1.16415322e-11
(0,1)	9.15528120e-05
(1,1)	0.00000000e+00
(2,1)	7.45058691e-09
(3,1)	0.00000000e+00
(0,2)	8.66255626e-06
(1,2)	0.00000000e+00
(2,2)	7.04960633e-10
(0,3)	8.27016512e-07
(1,3)	0.00000000e+00
(0,4)	7.96399846e-08
shiftMomentAndFillRow: amat leaving = 
matrix size = 16 x 15
 1.000e+00  0.000e+00  8.138e-05  0.000e+00  1.192e-08  9.375e-02  0.000e+00  7.629e-06  0.000e+00  8.870e-03  0.000e+00  7.219e-07  8.469e-04  0.000e+00  8.155e-05 
index 	  moment  
(0,0)	9.76562500e-04
(1,0)	0.00000000e+00
(2,0)	7.94728597e-08
(3,0)	0.00000000e+00
(4,0)	1.16415322e-11
(0,1)	0.00000000e+00
(1,1)	0.00000000e+00
(2,1)	0.00000000e+00
(3,1)	0.00000000e+00
(0,2)	7.94728597e-08
(1,2)	0.00000000e+00
(2,2)	6.46751788e-12
(0,3)	0.00000000e+00
(1,3)	0.00000000e+00
(0,4)	1.16415322e-11
shiftMomentAndFillRow: a_currentRow = 13
shiftMomentAndFillRow: a_distance   = (3.12500000e-02,9.37500795e-02)
shiftMomentAndFillRow: input mat row: 
matrix size = 16 x 15
 0.000e+00  0.000e+00  0.000e+00  0.000e+00  0.000e+00  0.000e+00  0.000e+00  0.000e+00  0.000e+00  0.000e+00  0.000e+00  0.000e+00  0.000e+00  0.000e+00  0.000e+00 
shiftMomentAndFillRow:   a_moment =
index 	  moment  
(0,0)	9.76562500e-04
(1,0)	0.00000000e+00
(2,0)	7.94728597e-08
(3,0)	0.00000000e+00
(4,0)	1.16415322e-11
(0,1)	0.00000000e+00
(1,1)	0.00000000e+00
(2,1)	0.00000000e+00
(3,1)	0.00000000e+00
(0,2)	7.94728597e-08
(1,2)	0.00000000e+00
(2,2)	6.46751788e-12
(0,3)	0.00000000e+00
(1,3)	0.00000000e+00
(0,4)	1.16415322e-11
shiftMomentAndFillRow: shiftedMom =
index 	  moment  
(0,0)	9.76562500e-04
(1,0)	3.05175781e-05
(2,0)	1.03314718e-06
(3,0)	3.72529030e-08
(4,0)	1.40862539e-09
(0,1)	9.15528120e-05
(1,1)	2.86102537e-06
(2,1)	9.68576299e-08
(3,1)	3.49246262e-09
(0,2)	8.66255626e-06
(1,2)	2.70704883e-07
(2,2)	9.16448823e-09
(0,3)	8.27016512e-07
(1,3)	2.58442660e-08
(0,4)	7.96399846e-08
shiftMomentAndFillRow: amat leaving = 
matrix size = 16 x 15
 1.000e+00  3.125e-02  1.058e-03  3.815e-05  1.442e-06  9.375e-02  2.930e-03  9.918e-05  3.576e-06  8.870e-03  2.772e-04  9.384e-06  8.469e-04  2.646e-05  8.155e-05 
index 	  moment  
(0,0)	9.76562500e-04
(1,0)	0.00000000e+00
(2,0)	7.94728597e-08
(3,0)	0.00000000e+00
(4,0)	1.16415322e-11
(0,1)	0.00000000e+00
(1,1)	0.00000000e+00
(2,1)	0.00000000e+00
(3,1)	0.00000000e+00
(0,2)	7.94728597e-08
(1,2)	0.00000000e+00
(2,2)	6.46751788e-12
(0,3)	0.00000000e+00
(1,3)	0.00000000e+00
(0,4)	1.16415322e-11
shiftMomentAndFillRow: a_currentRow = 14
shiftMomentAndFillRow: a_distance   = (6.25000000e-02,9.37500795e-02)
shiftMomentAndFillRow: input mat row: 
matrix size = 16 x 15
 0.000e+00  0.000e+00  0.000e+00  0.000e+00  0.000e+00  0.000e+00  0.000e+00  0.000e+00  0.000e+00  0.000e+00  0.000e+00  0.000e+00  0.000e+00  0.000e+00  0.000e+00 
shiftMomentAndFillRow:   a_moment =
index 	  moment  
(0,0)	9.76562500e-04
(1,0)	0.00000000e+00
(2,0)	7.94728597e-08
(3,0)	0.00000000e+00
(4,0)	1.16415322e-11
(0,1)	0.00000000e+00
(1,1)	0.00000000e+00
(2,1)	0.00000000e+00
(3,1)	0.00000000e+00
(0,2)	7.94728597e-08
(1,2)	0.00000000e+00
(2,2)	6.46751788e-12
(0,3)	0.00000000e+00
(1,3)	0.00000000e+00
(0,4)	1.16415322e-11
shiftMomentAndFillRow: shiftedMom =
index 	  moment  
(0,0)	9.76562500e-04
(1,0)	6.10351562e-05
(2,0)	3.89417013e-06
(3,0)	2.53319740e-07
(4,0)	1.67754479e-08
(0,1)	9.15528120e-05
(1,1)	5.72205075e-06
(2,1)	3.65078759e-07
(3,1)	2.37487458e-08
(0,2)	8.66255626e-06
(1,2)	5.41409766e-07
(2,2)	3.45430710e-08
(0,3)	8.27016512e-07
(1,3)	5.16885320e-08
(0,4)	7.96399846e-08
shiftMomentAndFillRow: amat leaving = 
matrix size = 16 x 15
 1.000e+00  6.250e-02  3.988e-03  2.594e-04  1.718e-05  9.375e-02  5.859e-03  3.738e-04  2.432e-05  8.870e-03  5.544e-04  3.537e-05  8.469e-04  5.293e-05  8.155e-05 
index 	  moment  
(0,0)	9.76562500e-04
(1,0)	0.00000000e+00
(2,0)	7.94728597e-08
(3,0)	0.00000000e+00
(4,0)	1.16415322e-11
(0,1)	0.00000000e+00
(1,1)	0.00000000e+00
(2,1)	0.00000000e+00
(3,1)	0.00000000e+00
(0,2)	7.94728597e-08
(1,2)	0.00000000e+00
(2,2)	6.46751788e-12
(0,3)	0.00000000e+00
(1,3)	0.00000000e+00
(0,4)	1.16415322e-11
shiftMomentAndFillRow: a_currentRow = 15
shiftMomentAndFillRow: a_distance   = (9.37500000e-02,9.37500795e-02)
shiftMomentAndFillRow: input mat row: 
matrix size = 16 x 15
 0.000e+00  0.000e+00  0.000e+00  0.000e+00  0.000e+00  0.000e+00  0.000e+00  0.000e+00  0.000e+00  0.000e+00  0.000e+00  0.000e+00  0.000e+00  0.000e+00  0.000e+00 
shiftMomentAndFillRow:   a_moment =
index 	  moment  
(0,0)	9.76562500e-04
(1,0)	0.00000000e+00
(2,0)	7.94728597e-08
(3,0)	0.00000000e+00
(4,0)	1.16415322e-11
(0,1)	0.00000000e+00
(1,1)	0.00000000e+00
(2,1)	0.00000000e+00
(3,1)	0.00000000e+00
(0,2)	7.94728597e-08
(1,2)	0.00000000e+00
(2,2)	6.46751788e-12
(0,3)	0.00000000e+00
(1,3)	0.00000000e+00
(0,4)	1.16415322e-11
shiftMomentAndFillRow: shiftedMom =
index 	  moment  
(0,0)	9.76562500e-04
(1,0)	9.15527344e-05
(2,0)	8.66254171e-06
(3,0)	8.27014446e-07
(4,0)	7.96397217e-08
(0,1)	9.15528120e-05
(1,1)	8.58307612e-06
(2,1)	8.12113974e-07
(3,1)	7.75326701e-08
(0,2)	8.66255626e-06
(1,2)	8.12114649e-07
(2,2)	7.68407090e-08
(0,3)	8.27016512e-07
(1,3)	7.75327980e-08
(0,4)	7.96399846e-08
shiftMomentAndFillRow: amat leaving = 
matrix size = 16 x 15
 1.000e+00  9.375e-02  8.870e-03  8.469e-04  8.155e-05  9.375e-02  8.789e-03  8.316e-04  7.939e-05  8.870e-03  8.316e-04  7.868e-05  8.469e-04  7.939e-05  8.155e-05 
Weight matrix: 
matrix size = 16 x 16
 1.000e+00  0.000e+00  0.000e+00  0.000e+00  0.000e+00  0.000e+00  0.000e+00  0.000e+00  0.000e+00  0.000e+00  0.000e+00  0.000e+00  0.000e+00  0.000e+00  0.000e+00  0.000e+00 
 0.000e+00  6.250e-02  0.000e+00  0.000e+00  0.000e+00  0.000e+00  0.000e+00  0.000e+00  0.000e+00  0.000e+00  0.000e+00  0.000e+00  0.000e+00  0.000e+00  0.000e+00  0.000e+00 
 0.000e+00  0.000e+00  1.235e-02  0.000e+00  0.000e+00  0.000e+00  0.000e+00  0.000e+00  0.000e+00  0.000e+00  0.000e+00  0.000e+00  0.000e+00  0.000e+00  0.000e+00  0.000e+00 
 0.000e+00  0.000e+00  0.000e+00  3.906e-03  0.000e+00  0.000e+00  0.000e+00  0.000e+00  0.000e+00  0.000e+00  0.000e+00  0.000e+00  0.000e+00  0.000e+00  0.000e+00  0.000e+00 
 0.000e+00  0.000e+00  0.000e+00  0.000e+00  6.250e-02  0.000e+00  0.000e+00  0.000e+00  0.000e+00  0.000e+00  0.000e+00  0.000e+00  0.000e+00  0.000e+00  0.000e+00  0.000e+00 
 0.000e+00  0.000e+00  0.000e+00  0.000e+00  0.000e+00  1.235e-02  0.000e+00  0.000e+00  0.000e+00  0.000e+00  0.000e+00  0.000e+00  0.000e+00  0.000e+00  0.000e+00  0.000e+00 
 0.000e+00  0.000e+00  0.000e+00  0.000e+00  0.000e+00  0.000e+00  3.906e-03  0.000e+00  0.000e+00  0.000e+00  0.000e+00  0.000e+00  0.000e+00  0.000e+00  0.000e+00  0.000e+00 
 0.000e+00  0.000e+00  0.000e+00  0.000e+00  0.000e+00  0.000e+00  0.000e+00  1.600e-03  0.000e+00  0.000e+00  0.000e+00  0.000e+00  0.000e+00  0.000e+00  0.000e+00  0.000e+00 
 0.000e+00  0.000e+00  0.000e+00  0.000e+00  0.000e+00  0.000e+00  0.000e+00  0.000e+00  1.235e-02  0.000e+00  0.000e+00  0.000e+00  0.000e+00  0.000e+00  0.000e+00  0.000e+00 
 0.000e+00  0.000e+00  0.000e+00  0.000e+00  0.000e+00  0.000e+00  0.000e+00  0.000e+00  0.000e+00  3.906e-03  0.000e+00  0.000e+00  0.000e+00  0.000e+00  0.000e+00  0.000e+00 
 0.000e+00  0.000e+00  0.000e+00  0.000e+00  0.000e+00  0.000e+00  0.000e+00  0.000e+00  0.000e+00  0.000e+00  1.600e-03  0.000e+00  0.000e+00  0.000e+00  0.000e+00  0.000e+00 
 0.000e+00  0.000e+00  0.000e+00  0.000e+00  0.000e+00  0.000e+00  0.000e+00  0.000e+00  0.000e+00  0.000e+00  0.000e+00  7.716e-04  0.000e+00  0.000e+00  0.000e+00  0.000e+00 
 0.000e+00  0.000e+00  0.000e+00  0.000e+00  0.000e+00  0.000e+00  0.000e+00  0.000e+00  0.000e+00  0.000e+00  0.000e+00  0.000e+00  3.906e-03  0.000e+00  0.000e+00  0.000e+00 
 0.000e+00  0.000e+00  0.000e+00  0.000e+00  0.000e+00  0.000e+00  0.000e+00  0.000e+00  0.000e+00  0.000e+00  0.000e+00  0.000e+00  0.000e+00  1.600e-03  0.000e+00  0.000e+00 
 0.000e+00  0.000e+00  0.000e+00  0.000e+00  0.000e+00  0.000e+00  0.000e+00  0.000e+00  0.000e+00  0.000e+00  0.000e+00  0.000e+00  0.000e+00  0.000e+00  7.716e-04  0.000e+00 
 0.000e+00  0.000e+00  0.000e+00  0.000e+00  0.000e+00  0.000e+00  0.000e+00  0.000e+00  0.000e+00  0.000e+00  0.000e+00  0.000e+00  0.000e+00  0.000e+00  0.000e+00  4.165e-04 
Moment matrix: 
matrix size = 16 x 15
 1.000e+00  0.000e+00  8.138e-05  0.000e+00  1.192e-08  7.947e-08  0.000e+00  6.468e-12  0.000e+00  8.138e-05  0.000e+00  6.623e-09  1.940e-11  0.000e+00  1.192e-08 
 1.000e+00  3.125e-02  1.058e-03  3.815e-05  1.442e-06  7.947e-08  2.484e-09  8.408e-11  3.032e-12  8.138e-05  2.543e-06  8.610e-08  1.940e-11  6.063e-13  1.192e-08 
 1.000e+00  6.250e-02  3.988e-03  2.594e-04  1.718e-05  7.947e-08  4.967e-09  3.169e-10  2.062e-11  8.138e-05  5.086e-06  3.245e-07  1.940e-11  1.213e-12  1.192e-08 
 1.000e+00  9.375e-02  8.870e-03  8.469e-04  8.155e-05  7.947e-08  7.451e-09  7.050e-10  6.730e-11  8.138e-05  7.629e-06  7.219e-07  1.940e-11  1.819e-12  1.192e-08 
 1.000e+00  0.000e+00  8.138e-05  0.000e+00  1.192e-08  3.125e-02  0.000e+00  2.543e-06  0.000e+00  1.058e-03  0.000e+00  8.610e-08  3.815e-05  0.000e+00  1.442e-06 
 1.000e+00  3.125e-02  1.058e-03  3.815e-05  1.442e-06  3.125e-02  9.766e-04  3.306e-05  1.192e-06  1.058e-03  3.306e-05  1.119e-06  3.815e-05  1.192e-06  1.442e-06 
 1.000e+00  6.250e-02  3.988e-03  2.594e-04  1.718e-05  3.125e-02  1.953e-03  1.246e-04  8.106e-06  1.058e-03  6.612e-05  4.219e-06  3.815e-05  2.384e-06  1.442e-06 
 1.000e+00  9.375e-02  8.870e-03  8.469e-04  8.155e-05  3.125e-02  2.930e-03  2.772e-04  2.646e-05  1.058e-03  9.918e-05  9.384e-06  3.815e-05  3.576e-06  1.442e-06 
 1.000e+00  0.000e+00  8.138e-05  0.000e+00  1.192e-08  6.250e-02  0.000e+00  5.086e-06  0.000e+00  3.988e-03  0.000e+00  3.245e-07  2.594e-04  0.000e+00  1.718e-05 
 1.000e+00  3.125e-02  1.058e-03  3.815e-05  1.442e-06  6.250e-02  1.953e-03  6.612e-05  2.384e-06  3.988e-03  1.246e-04  4.219e-06  2.594e-04  8.106e-06  1.718e-05 
 1.000e+00  6.250e-02  3.988e-03  2.594e-04  1.718e-05  6.250e-02  3.906e-03  2.492e-04  1.621e-05  3.988e-03  2.492e-04  1.590e-05  2.594e-04  1.621e-05  1.718e-05 
 1.000e+00  9.375e-02  8.870e-03  8.469e-04  8.155e-05  6.250e-02  5.859e-03  5.544e-04  5.293e-05  3.988e-03  3.738e-04  3.537e-05  2.594e-04  2.432e-05  1.718e-05 
 1.000e+00  0.000e+00  8.138e-05  0.000e+00  1.192e-08  9.375e-02  0.000e+00  7.629e-06  0.000e+00  8.870e-03  0.000e+00  7.219e-07  8.469e-04  0.000e+00  8.155e-05 
 1.000e+00  3.125e-02  1.058e-03  3.815e-05  1.442e-06  9.375e-02  2.930e-03  9.918e-05  3.576e-06  8.870e-03  2.772e-04  9.384e-06  8.469e-04  2.646e-05  8.155e-05 
 1.000e+00  6.250e-02  3.988e-03  2.594e-04  1.718e-05  9.375e-02  5.859e-03  3.738e-04  2.432e-05  8.870e-03  5.544e-04  3.537e-05  8.469e-04  5.293e-05  8.155e-05 
 1.000e+00  9.375e-02  8.870e-03  8.469e-04  8.155e-05  9.375e-02  8.789e-03  8.316e-04  7.939e-05  8.870e-03  8.316e-04  7.868e-05  8.469e-04  7.939e-05  8.155e-05 
WM   matrix: 
matrix size = 16 x 15
 1.000e+00  0.000e+00  8.138e-05  0.000e+00  1.192e-08  7.947e-08  0.000e+00  6.468e-12  0.000e+00  8.138e-05  0.000e+00  6.623e-09  1.940e-11  0.000e+00  1.192e-08 
 6.250e-02  1.953e-03  6.612e-05  2.384e-06  9.015e-08  4.967e-09  1.552e-10  5.255e-12  1.895e-13  5.086e-06  1.589e-07  5.381e-09  1.213e-12  3.790e-14  7.451e-10 
 1.235e-02  7.716e-04  4.923e-05  3.202e-06  2.121e-07  9.811e-10  6.132e-11  3.912e-12  2.545e-13  1.005e-06  6.279e-08  4.006e-09  2.395e-13  1.497e-14  1.472e-10 
 3.906e-03  3.662e-04  3.465e-05  3.308e-06  3.186e-07  3.104e-10  2.910e-11  2.754e-12  2.629e-13  3.179e-07  2.980e-08  2.820e-09  7.579e-14  7.105e-15  4.657e-11 
 6.250e-02  0.000e+00  5.086e-06  0.000e+00  7.451e-10  1.953e-03  0.000e+00  1.589e-07  0.000e+00  6.612e-05  0.000e+00  5.381e-09  2.384e-06  0.000e+00  9.015e-08 
 1.235e-02  3.858e-04  1.306e-05  4.710e-07  1.781e-08  3.858e-04  1.206e-05  4.082e-07  1.472e-08  1.306e-05  4.082e-07  1.382e-08  4.710e-07  1.472e-08  1.781e-08 
 3.906e-03  2.441e-04  1.558e-05  1.013e-06  6.710e-08  1.221e-04  7.629e-06  4.868e-07  3.167e-08  4.133e-06  2.583e-07  1.648e-08  1.490e-07  9.313e-09  5.635e-09 
 1.600e-03  1.500e-04  1.419e-05  1.355e-06  1.305e-07  5.000e-05  4.688e-06  4.435e-07  4.234e-08  1.693e-06  1.587e-07  1.502e-08  6.104e-08  5.722e-09  2.308e-09 
 1.235e-02  0.000e+00  1.005e-06  0.000e+00  1.472e-10  7.716e-04  0.000e+00  6.279e-08  0.000e+00  4.923e-05  0.000e+00  4.006e-09  3.202e-06  0.000e+00  2.121e-07 
 3.906e-03  1.221e-04  4.133e-06  1.490e-07  5.635e-09  2.441e-04  7.629e-06  2.583e-07  9.313e-09  1.558e-05  4.868e-07  1.648e-08  1.013e-06  3.167e-08  6.710e-08 
 1.600e-03  1.000e-04  6.380e-06  4.150e-07  2.748e-08  1.000e-04  6.250e-06  3.988e-07  2.594e-08  6.380e-06  3.988e-07  2.544e-08  4.150e-07  2.594e-08  2.749e-08 
 7.716e-04  7.234e-05  6.844e-06  6.534e-07  6.293e-08  4.823e-05  4.521e-06  4.278e-07  4.084e-08  3.077e-06  2.885e-07  2.729e-08  2.002e-07  1.876e-08  1.325e-08 
 3.906e-03  0.000e+00  3.179e-07  0.000e+00  4.657e-11  3.662e-04  0.000e+00  2.980e-08  0.000e+00  3.465e-05  0.000e+00  2.820e-09  3.308e-06  0.000e+00  3.186e-07 
 1.600e-03  5.000e-05  1.693e-06  6.104e-08  2.308e-09  1.500e-04  4.688e-06  1.587e-07  5.722e-09  1.419e-05  4.435e-07  1.502e-08  1.355e-06  4.234e-08  1.305e-07 
 7.716e-04  4.823e-05  3.077e-06  2.002e-07  1.325e-08  7.234e-05  4.521e-06  2.885e-07  1.876e-08  6.844e-06  4.278e-07  2.729e-08  6.534e-07  4.084e-08  6.293e-08 
 4.165e-04  3.905e-05  3.694e-06  3.527e-07  3.397e-08  3.905e-05  3.661e-06  3.464e-07  3.307e-08  3.694e-06  3.464e-07  3.277e-08  3.527e-07  3.307e-08  3.397e-08 
WM^T matrix: 
matrix size = 15 x 16
 1.000e+00  6.250e-02  1.235e-02  3.906e-03  6.250e-02  1.235e-02  3.906e-03  1.600e-03  1.235e-02  3.906e-03  1.600e-03  7.716e-04  3.906e-03  1.600e-03  7.716e-04  4.165e-04 
 0.000e+00  1.953e-03  7.716e-04  3.662e-04  0.000e+00  3.858e-04  2.441e-04  1.500e-04  0.000e+00  1.221e-04  1.000e-04  7.234e-05  0.000e+00  5.000e-05  4.823e-05  3.905e-05 
 8.138e-05  6.612e-05  4.923e-05  3.465e-05  5.086e-06  1.306e-05  1.558e-05  1.419e-05  1.005e-06  4.133e-06  6.380e-06  6.844e-06  3.179e-07  1.693e-06  3.077e-06  3.694e-06 
 0.000e+00  2.384e-06  3.202e-06  3.308e-06  0.000e+00  4.710e-07  1.013e-06  1.355e-06  0.000e+00  1.490e-07  4.150e-07  6.534e-07  0.000e+00  6.104e-08  2.002e-07  3.527e-07 
 1.192e-08  9.015e-08  2.121e-07  3.186e-07  7.451e-10  1.781e-08  6.710e-08  1.305e-07  1.472e-10  5.635e-09  2.748e-08  6.293e-08  4.657e-11  2.308e-09  1.325e-08  3.397e-08 
 7.947e-08  4.967e-09  9.811e-10  3.104e-10  1.953e-03  3.858e-04  1.221e-04  5.000e-05  7.716e-04  2.441e-04  1.000e-04  4.823e-05  3.662e-04  1.500e-04  7.234e-05  3.905e-05 
 0.000e+00  1.552e-10  6.132e-11  2.910e-11  0.000e+00  1.206e-05  7.629e-06  4.688e-06  0.000e+00  7.629e-06  6.250e-06  4.521e-06  0.000e+00  4.688e-06  4.521e-06  3.661e-06 
 6.468e-12  5.255e-12  3.912e-12  2.754e-12  1.589e-07  4.082e-07  4.868e-07  4.435e-07  6.279e-08  2.583e-07  3.988e-07  4.278e-07  2.980e-08  1.587e-07  2.885e-07  3.464e-07 
 0.000e+00  1.895e-13  2.545e-13  2.629e-13  0.000e+00  1.472e-08  3.167e-08  4.234e-08  0.000e+00  9.313e-09  2.594e-08  4.084e-08  0.000e+00  5.722e-09  1.876e-08  3.307e-08 
 8.138e-05  5.086e-06  1.005e-06  3.179e-07  6.612e-05  1.306e-05  4.133e-06  1.693e-06  4.923e-05  1.558e-05  6.380e-06  3.077e-06  3.465e-05  1.419e-05  6.844e-06  3.694e-06 
 0.000e+00  1.589e-07  6.279e-08  2.980e-08  0.000e+00  4.082e-07  2.583e-07  1.587e-07  0.000e+00  4.868e-07  3.988e-07  2.885e-07  0.000e+00  4.435e-07  4.278e-07  3.464e-07 
 6.623e-09  5.381e-09  4.006e-09  2.820e-09  5.381e-09  1.382e-08  1.648e-08  1.502e-08  4.006e-09  1.648e-08  2.544e-08  2.729e-08  2.820e-09  1.502e-08  2.729e-08  3.277e-08 
 1.940e-11  1.213e-12  2.395e-13  7.579e-14  2.384e-06  4.710e-07  1.490e-07  6.104e-08  3.202e-06  1.013e-06  4.150e-07  2.002e-07  3.308e-06  1.355e-06  6.534e-07  3.527e-07 
 0.000e+00  3.790e-14  1.497e-14  7.105e-15  0.000e+00  1.472e-08  9.313e-09  5.722e-09  0.000e+00  3.167e-08  2.594e-08  1.876e-08  0.000e+00  4.234e-08  4.084e-08  3.307e-08 
 1.192e-08  7.451e-10  1.472e-10  4.657e-11  9.015e-08  1.781e-08  5.635e-09  2.308e-09  2.121e-07  6.710e-08  2.749e-08  1.325e-08  3.186e-07  1.305e-07  6.293e-08  3.397e-08 
A matrix: 
matrix size = 15 x 15
 1.008e+00  1.398e-04  8.687e-05  2.156e-07  2.230e-08  1.399e-04  2.420e-07  2.108e-08  5.200e-10  8.687e-05  2.107e-08  7.860e-09  2.156e-07  5.199e-10  2.230e-08 
 1.398e-04  4.812e-06  1.928e-07  9.105e-09  5.093e-10  2.420e-07  9.696e-09  4.806e-10  2.893e-11  2.107e-08  7.906e-10  3.612e-11  5.199e-10  2.200e-11  3.296e-11 
 8.687e-05  1.928e-07  1.539e-08  4.809e-10  3.234e-11  2.108e-08  4.806e-10  2.907e-11  1.960e-12  7.860e-09  3.612e-11  2.520e-12  3.955e-11  1.163e-12  3.238e-12 
 2.156e-07  9.105e-09  4.809e-10  3.076e-11  2.269e-12  5.200e-10  2.893e-11  1.960e-12  1.510e-13  3.955e-11  2.009e-12  1.273e-13  1.247e-12  7.429e-14  8.223e-14 
 2.230e-08  5.093e-10  3.234e-11  2.269e-12  1.827e-13  3.296e-11  2.033e-12  1.532e-13  1.263e-14  3.238e-12  1.328e-13  9.647e-15  8.223e-14  5.468e-15  5.621e-15 
 1.399e-04  2.420e-07  2.108e-08  5.200e-10  3.296e-11  4.812e-06  9.696e-09  7.906e-10  2.200e-11  1.928e-07  4.806e-10  3.612e-11  9.105e-09  2.893e-11  5.093e-10 
 2.420e-07  9.696e-09  4.806e-10  2.893e-11  2.033e-12  9.696e-09  3.991e-10  2.043e-11  1.268e-12  4.806e-10  2.043e-11  1.085e-12  2.893e-11  1.268e-12  2.033e-12 
 2.108e-08  4.806e-10  2.907e-11  1.960e-12  1.532e-13  7.906e-10  2.043e-11  1.267e-12  8.819e-14  3.612e-11  1.085e-12  6.920e-14  2.009e-12  6.958e-14  1.328e-13 
