15 15
 2.3331312369e+00  1.3719063279e-01 -8.0609920868e+00 -2.7547650886e-01  1.8554834364e+00  4.3495734996e-15 -1.3763709910e-15  9.3645452283e-16 -4.6238846292e-16 -2.5660616508e-01  7.7238426743e-03  1.2120149873e-01 -3.6967119921e-15  1.2499707932e-15  1.1243684991e-01 
 1.3719063279e-01  4.7538775554e-01 -5.0687659626e-01 -9.3981911947e-01  1.5879884523e-01  3.7849378545e-16 -9.5204331126e-17  2.6890746663e-17 -9.0312089150e-17  3.3956486832e-03 -3.7042387375e-02 -9.8846049905e-03 -2.9873865900e-16  1.0743655286e-16  6.4926938692e-05 
-8.0609920868e+00 -5.0687659626e-01  2.8333093993e+01  1.0186587095e+00 -6.8336653972e+00 -1.5894402489e-14  5.3644361059e-15 -3.0520203173e-15  1.6292420396e-15 -2.4354120301e-01 -3.3651252197e-02  9.3486125671e-02  1.3385428622e-14 -4.7535248763e-15  6.4679476724e-02 
-2.7547650886e-01 -9.3981911947e-01  1.0186587095e+00  1.9394038796e+00 -3.2052834557e-01 -6.8415311414e-16 -1.5407149712e-16 -9.1725111269e-17  1.8953994288e-16 -1.0068064407e-02 -3.6573501666e-01  3.1509910531e-02  5.5531785670e-16  1.6926831292e-17 -6.6992841232e-04 
 1.8554834364e+00  1.5879884523e-01 -6.8336653972e+00 -3.2052834557e-01  2.1511514547e+00  4.5084313302e-15 -1.6558013250e-15  7.1977000662e-16 -3.8884747619e-16  3.3023545927e-01  1.8841436546e-02 -1.3108549140e+00 -3.6982478011e-15  1.3819164433e-15  8.6307051321e-02 
 4.3495734996e-15  3.7849378545e-16 -1.5894402489e-14 -6.8415311414e-16  4.5084313302e-15  1.1278570894e+01 -2.1013257670e-01 -3.3561858960e+00  2.5641105468e-01  2.0535816733e-15 -4.2788661215e-16 -4.5468302235e-15 -7.2705264737e+00  3.0689206283e-02  1.2303983819e-16 
-1.3763709910e-15 -9.5204331126e-17  5.3644361059e-15 -1.5407149712e-16 -1.6558013250e-15 -2.1013257670e-01  1.6963912234e+01  4.5644873652e-01 -1.4554925190e-01 -1.9336663876e-15  2.0648757610e-15  2.7102674775e-15  3.8962235512e-02 -1.0573859675e+01  4.4110118515e-16 
 9.3645452283e-16  2.6890746663e-17 -3.0520203173e-15 -9.1725111269e-17  7.1977000662e-16 -3.3561858960e+00  4.5644873652e-01  1.5231712280e+01 -7.7152502522e-01 -8.5162571638e-16  2.2697743671e-16  1.8297529736e-16 -1.5909970215e+00  4.1083483117e-02  2.5686840559e-16 
-4.6238846292e-16 -9.0312089150e-17  1.6292420396e-15  1.8953994288e-16 -3.8884747619e-16  2.5641105468e-01 -1.4554925190e-01 -7.7152502522e-01  5.0265344168e+00 -1.0014442488e-17 -5.0993426438e-17 -9.6869346859e-17  1.1149273645e-02 -2.5622410524e+00  4.3819150815e-17 
-2.5660616508e-01  3.3956486832e-03 -2.4354120301e-01 -1.0068064407e-02  3.3023545927e-01  2.0535816733e-15 -1.9336663876e-15 -8.5162571638e-16 -1.0014442488e-17  4.1969061476e+00  1.9542749509e-02 -2.0926210778e+00 -1.3195139806e-15  1.3197263750e-15 -1.6410758675e+00 
 7.7238426743e-03 -3.7042387375e-02 -3.3651252197e-02 -3.6573501666e-01  1.8841436546e-02 -4.2788661215e-16  2.0648757610e-15  2.2697743671e-16 -5.0993426438e-17  1.9542749509e-02  2.6186351947e+00 -7.0001519258e-02  2.4650054868e-16 -1.3906155566e-15  3.2166057003e-03 
 1.2120149873e-01 -9.8846049905e-03  9.3486125671e-02  3.1509910531e-02 -1.3108549140e+00 -4.5468302235e-15  2.7102674775e-15  1.8297529736e-16 -9.6869346859e-17 -2.0926210778e+00 -7.0001519258e-02  1.0716221184e+01  3.0968535972e-15 -1.7150781980e-15 -1.0702063840e+00 
-3.6967119921e-15 -2.9873865900e-16  1.3385428622e-14  5.5531785670e-16 -3.6982478011e-15 -7.2705264737e+00  3.8962235512e-02 -1.5909970215e+00  1.1149273645e-02 -1.3195139806e-15  2.4650054868e-16  3.0968535972e-15  6.0984991539e+00 -3.5169039930e-02 -1.0026273161e-16 
 1.2499707932e-15  1.0743655286e-16 -4.7535248763e-15  1.6926831292e-17  1.3819164433e-15  3.0689206283e-02 -1.0573859675e+01  4.1083483117e-02 -2.5622410524e+00  1.3197263750e-15 -1.3906155566e-15 -1.7150781980e-15 -3.5169039930e-02  9.2905719260e+00 -3.4563515797e-16 
 1.1243684991e-01  6.4926938693e-05  6.4679476724e-02 -6.6992841232e-04  8.6307051321e-02  1.2303983819e-16  4.4110118515e-16  2.5686840559e-16  4.3819150815e-17 -1.6410758675e+00  3.2166057003e-03 -1.0702063840e+00 -1.0026273161e-16 -3.4563515797e-16  1.2245490462e+00 
