Running test for polynomial order = 1
eigen inverse test
A = 
matrix size = 4 x 4
 1.000e+00  2.000e+00  3.000e+00  4.000e+00 
 5.000e+00 -6.000e+00  7.000e+00  8.000e+00 
 9.000e+00  1.000e+01  1.100e+01  1.200e+01 
 1.300e+01  1.400e+01  1.500e+01 -1.600e+01 

Ainv = 
matrix size = 4 x 4
-7.161e-01  4.167e-02  1.901e-01 -1.563e-02 
 4.167e-02 -8.333e-02  4.167e-02  4.266e-18 
 5.651e-01  4.167e-02 -1.536e-01  4.688e-02 
-1.562e-02  3.740e-18  4.687e-02 -3.125e-02 

A * Ainv = 
matrix size = 4 x 4
 1.000e+00 -2.667e-17 -2.776e-17  0.000e+00 
-4.857e-16  1.000e+00  1.110e-16 -5.551e-17 
-6.939e-18  8.652e-17  1.000e+00  0.000e+00 
-6.939e-16 -7.373e-17 -1.110e-16  1.000e+00 

nx = 32
max_grid = 32
Cell merging is turned ON.
making grids
all regular geometry
defining geometry in EB land
maximum (non covered) volume fraction for grids[0] = 1.000e+00
minimum (non covered) volume fraction for grids[0] = 1.000e+00
maximum volume fraction overall = 1.000e+00
minimum volume fraction overall = 1.000e+00
\begin{table}
\begin{center}
\begin{tabular}{|cc|ccc|} \hline
 P & G & \lambda_{max} & \lambda_{min}   & $I$ \\
\hline 
1 & 3 & 2.280975e+00 & 1.471897e-03 & 6.452929e-04 \\ 
\hline 
\end{tabular}
\end{center}
\end{table}
worst condition number at point (31,31)
printing time table 
