Running test for polynomial order = 3
eigen inverse test
A = 
matrix size = 4 x 4
 1.000e+00  2.000e+00  3.000e+00  4.000e+00 
 5.000e+00 -6.000e+00  7.000e+00  8.000e+00 
 9.000e+00  1.000e+01  1.100e+01  1.200e+01 
 1.300e+01  1.400e+01  1.500e+01 -1.600e+01 

Ainv = 
matrix size = 4 x 4
-7.161e-01  4.167e-02  1.901e-01 -1.563e-02 
 4.167e-02 -8.333e-02  4.167e-02  4.266e-18 
 5.651e-01  4.167e-02 -1.536e-01  4.688e-02 
-1.562e-02  3.740e-18  4.687e-02 -3.125e-02 

A * Ainv = 
matrix size = 4 x 4
 1.000e+00 -2.667e-17 -2.776e-17  0.000e+00 
-4.857e-16  1.000e+00  1.110e-16 -5.551e-17 
-6.939e-18  8.652e-17  1.000e+00  0.000e+00 
-6.939e-16 -7.373e-17 -1.110e-16  1.000e+00 

nx = 32
max_grid = 32
Cell merging is turned ON.
making grids
all regular geometry
defining geometry in EB land
maximum (non covered) volume fraction for grids[0] = 1.000e+00
minimum (non covered) volume fraction for grids[0] = 1.000e+00
maximum volume fraction overall = 1.000e+00
minimum volume fraction overall = 1.000e+00
SubVolVec: ientry = 0
volume :((0 ,0 )), volmom = 
index 	  moment  
(0,0)	9.76562500e-04
(1,0)	0.00000000e+00
(2,0)	7.94728597e-08
(3,0)	0.00000000e+00
(0,1)	0.00000000e+00
(1,1)	0.00000000e+00
(2,1)	0.00000000e+00
(0,2)	7.94728597e-08
(1,2)	0.00000000e+00
(0,3)	0.00000000e+00
index 	  moment  
(0,0)	9.76562500e-04
(1,0)	0.00000000e+00
(2,0)	7.94728597e-08
(3,0)	0.00000000e+00
(0,1)	0.00000000e+00
(1,1)	0.00000000e+00
(2,1)	0.00000000e+00
(0,2)	7.94728597e-08
(1,2)	0.00000000e+00
(0,3)	0.00000000e+00
shiftMomentAndFillRow: a_currentRow = 0
shiftMomentAndFillRow: a_distance   = (0.00000000e+00,7.94728597e-08)
shiftMomentAndFillRow: input mat row: 
matrix size = 16 x 10
 0.000e+00  0.000e+00  0.000e+00  0.000e+00  0.000e+00  0.000e+00  0.000e+00  0.000e+00  0.000e+00  0.000e+00 
shiftMomentAndFillRow:   a_moment =
index 	  moment  
(0,0)	9.76562500e-04
(1,0)	0.00000000e+00
(2,0)	7.94728597e-08
(3,0)	0.00000000e+00
(0,1)	0.00000000e+00
(1,1)	0.00000000e+00
(2,1)	0.00000000e+00
(0,2)	7.94728597e-08
(1,2)	0.00000000e+00
(0,3)	0.00000000e+00
shiftMomentAndFillRow: shiftedMom =
index 	  moment  
(0,0)	9.76562500e-04
(1,0)	0.00000000e+00
(2,0)	7.94728597e-08
(3,0)	0.00000000e+00
(0,1)	7.76102146e-11
(1,1)	0.00000000e+00
(2,1)	6.31593543e-15
(0,2)	7.94728597e-08
(1,2)	0.00000000e+00
(0,3)	1.89478063e-14
shiftMomentAndFillRow: amat leaving = 
matrix size = 16 x 10
 1.000e+00  0.000e+00  8.138e-05  0.000e+00  7.947e-08  0.000e+00  6.468e-12  8.138e-05  0.000e+00  1.940e-11 
index 	  moment  
(0,0)	9.76562500e-04
(1,0)	0.00000000e+00
(2,0)	7.94728597e-08
(3,0)	0.00000000e+00
(0,1)	0.00000000e+00
(1,1)	0.00000000e+00
(2,1)	0.00000000e+00
(0,2)	7.94728597e-08
(1,2)	0.00000000e+00
(0,3)	0.00000000e+00
shiftMomentAndFillRow: a_currentRow = 1
shiftMomentAndFillRow: a_distance   = (3.12500000e-02,7.94728597e-08)
shiftMomentAndFillRow: input mat row: 
matrix size = 16 x 10
 0.000e+00  0.000e+00  0.000e+00  0.000e+00  0.000e+00  0.000e+00  0.000e+00  0.000e+00  0.000e+00  0.000e+00 
shiftMomentAndFillRow:   a_moment =
index 	  moment  
(0,0)	9.76562500e-04
(1,0)	0.00000000e+00
(2,0)	7.94728597e-08
(3,0)	0.00000000e+00
(0,1)	0.00000000e+00
(1,1)	0.00000000e+00
(2,1)	0.00000000e+00
(0,2)	7.94728597e-08
(1,2)	0.00000000e+00
(0,3)	0.00000000e+00
shiftMomentAndFillRow: shiftedMom =
index 	  moment  
(0,0)	9.76562500e-04
(1,0)	3.05175781e-05
(2,0)	1.03314718e-06
(3,0)	3.72529030e-08
(0,1)	7.76102146e-11
(1,1)	2.42531920e-12
(2,1)	8.21071606e-14
(0,2)	7.94728597e-08
(1,2)	2.48352687e-09
(0,3)	1.89478063e-14
shiftMomentAndFillRow: amat leaving = 
matrix size = 16 x 10
 1.000e+00  3.125e-02  1.058e-03  3.815e-05  7.947e-08  2.484e-09  8.408e-11  8.138e-05  2.543e-06  1.940e-11 
index 	  moment  
(0,0)	9.76562500e-04
(1,0)	0.00000000e+00
(2,0)	7.94728597e-08
(3,0)	0.00000000e+00
(0,1)	0.00000000e+00
(1,1)	0.00000000e+00
(2,1)	0.00000000e+00
(0,2)	7.94728597e-08
(1,2)	0.00000000e+00
(0,3)	0.00000000e+00
shiftMomentAndFillRow: a_currentRow = 2
shiftMomentAndFillRow: a_distance   = (6.25000000e-02,7.94728597e-08)
shiftMomentAndFillRow: input mat row: 
matrix size = 16 x 10
 0.000e+00  0.000e+00  0.000e+00  0.000e+00  0.000e+00  0.000e+00  0.000e+00  0.000e+00  0.000e+00  0.000e+00 
shiftMomentAndFillRow:   a_moment =
index 	  moment  
(0,0)	9.76562500e-04
(1,0)	0.00000000e+00
(2,0)	7.94728597e-08
(3,0)	0.00000000e+00
(0,1)	0.00000000e+00
(1,1)	0.00000000e+00
(2,1)	0.00000000e+00
(0,2)	7.94728597e-08
(1,2)	0.00000000e+00
(0,3)	0.00000000e+00
shiftMomentAndFillRow: shiftedMom =
index 	  moment  
(0,0)	9.76562500e-04
(1,0)	6.10351562e-05
(2,0)	3.89417013e-06
(3,0)	2.53319740e-07
(0,1)	7.76102146e-11
(1,1)	4.85063841e-12
(2,1)	3.09480836e-13
(0,2)	7.94728597e-08
(1,2)	4.96705373e-09
(0,3)	1.89478063e-14
shiftMomentAndFillRow: amat leaving = 
matrix size = 16 x 10
 1.000e+00  6.250e-02  3.988e-03  2.594e-04  7.947e-08  4.967e-09  3.169e-10  8.138e-05  5.086e-06  1.940e-11 
index 	  moment  
(0,0)	9.76562500e-04
(1,0)	0.00000000e+00
(2,0)	7.94728597e-08
(3,0)	0.00000000e+00
(0,1)	0.00000000e+00
(1,1)	0.00000000e+00
(2,1)	0.00000000e+00
(0,2)	7.94728597e-08
(1,2)	0.00000000e+00
(0,3)	0.00000000e+00
shiftMomentAndFillRow: a_currentRow = 3
shiftMomentAndFillRow: a_distance   = (9.37500000e-02,7.94728597e-08)
shiftMomentAndFillRow: input mat row: 
matrix size = 16 x 10
 0.000e+00  0.000e+00  0.000e+00  0.000e+00  0.000e+00  0.000e+00  0.000e+00  0.000e+00  0.000e+00  0.000e+00 
shiftMomentAndFillRow:   a_moment =
index 	  moment  
(0,0)	9.76562500e-04
(1,0)	0.00000000e+00
(2,0)	7.94728597e-08
(3,0)	0.00000000e+00
(0,1)	0.00000000e+00
(1,1)	0.00000000e+00
(2,1)	0.00000000e+00
(0,2)	7.94728597e-08
(1,2)	0.00000000e+00
(0,3)	0.00000000e+00
shiftMomentAndFillRow: shiftedMom =
index 	  moment  
(0,0)	9.76562500e-04
(1,0)	9.15527344e-05
(2,0)	8.66254171e-06
(3,0)	8.27014446e-07
(0,1)	7.76102146e-11
(1,1)	7.27595761e-12
(2,1)	6.88436962e-13
(0,2)	7.94728597e-08
(1,2)	7.45058060e-09
(0,3)	1.89478063e-14
shiftMomentAndFillRow: amat leaving = 
matrix size = 16 x 10
 1.000e+00  9.375e-02  8.870e-03  8.469e-04  7.947e-08  7.451e-09  7.050e-10  8.138e-05  7.629e-06  1.940e-11 
index 	  moment  
(0,0)	9.76562500e-04
(1,0)	0.00000000e+00
(2,0)	7.94728597e-08
(3,0)	0.00000000e+00
(0,1)	0.00000000e+00
(1,1)	0.00000000e+00
(2,1)	0.00000000e+00
(0,2)	7.94728597e-08
(1,2)	0.00000000e+00
(0,3)	0.00000000e+00
shiftMomentAndFillRow: a_currentRow = 4
shiftMomentAndFillRow: a_distance   = (0.00000000e+00,3.12500795e-02)
shiftMomentAndFillRow: input mat row: 
matrix size = 16 x 10
 0.000e+00  0.000e+00  0.000e+00  0.000e+00  0.000e+00  0.000e+00  0.000e+00  0.000e+00  0.000e+00  0.000e+00 
shiftMomentAndFillRow:   a_moment =
index 	  moment  
(0,0)	9.76562500e-04
(1,0)	0.00000000e+00
(2,0)	7.94728597e-08
(3,0)	0.00000000e+00
(0,1)	0.00000000e+00
(1,1)	0.00000000e+00
(2,1)	0.00000000e+00
(0,2)	7.94728597e-08
(1,2)	0.00000000e+00
(0,3)	0.00000000e+00
shiftMomentAndFillRow: shiftedMom =
index 	  moment  
(0,0)	9.76562500e-04
(1,0)	0.00000000e+00
(2,0)	7.94728597e-08
(3,0)	0.00000000e+00
(0,1)	3.05176557e-05
(1,1)	0.00000000e+00
(2,1)	2.48353318e-09
(0,2)	1.03315203e-06
(1,2)	0.00000000e+00
(0,3)	3.72531493e-08
shiftMomentAndFillRow: amat leaving = 
matrix size = 16 x 10
 1.000e+00  0.000e+00  8.138e-05  0.000e+00  3.125e-02  0.000e+00  2.543e-06  1.058e-03  0.000e+00  3.815e-05 
index 	  moment  
(0,0)	9.76562500e-04
(1,0)	0.00000000e+00
(2,0)	7.94728597e-08
(3,0)	0.00000000e+00
(0,1)	0.00000000e+00
(1,1)	0.00000000e+00
(2,1)	0.00000000e+00
(0,2)	7.94728597e-08
(1,2)	0.00000000e+00
(0,3)	0.00000000e+00
shiftMomentAndFillRow: a_currentRow = 5
shiftMomentAndFillRow: a_distance   = (3.12500000e-02,3.12500795e-02)
shiftMomentAndFillRow: input mat row: 
matrix size = 16 x 10
 0.000e+00  0.000e+00  0.000e+00  0.000e+00  0.000e+00  0.000e+00  0.000e+00  0.000e+00  0.000e+00  0.000e+00 
shiftMomentAndFillRow:   a_moment =
index 	  moment  
(0,0)	9.76562500e-04
(1,0)	0.00000000e+00
(2,0)	7.94728597e-08
(3,0)	0.00000000e+00
(0,1)	0.00000000e+00
(1,1)	0.00000000e+00
(2,1)	0.00000000e+00
(0,2)	7.94728597e-08
(1,2)	0.00000000e+00
(0,3)	0.00000000e+00
shiftMomentAndFillRow: shiftedMom =
index 	  moment  
(0,0)	9.76562500e-04
(1,0)	3.05175781e-05
(2,0)	1.03314718e-06
(3,0)	3.72529030e-08
(0,1)	3.05176557e-05
(1,1)	9.53676742e-07
(2,1)	3.22859314e-08
(0,2)	1.03315203e-06
(1,2)	3.22860008e-08
(0,3)	3.72531493e-08
shiftMomentAndFillRow: amat leaving = 
matrix size = 16 x 10
 1.000e+00  3.125e-02  1.058e-03  3.815e-05  3.125e-02  9.766e-04  3.306e-05  1.058e-03  3.306e-05  3.815e-05 
index 	  moment  
(0,0)	9.76562500e-04
(1,0)	0.00000000e+00
(2,0)	7.94728597e-08
(3,0)	0.00000000e+00
(0,1)	0.00000000e+00
(1,1)	0.00000000e+00
(2,1)	0.00000000e+00
(0,2)	7.94728597e-08
(1,2)	0.00000000e+00
(0,3)	0.00000000e+00
shiftMomentAndFillRow: a_currentRow = 6
shiftMomentAndFillRow: a_distance   = (6.25000000e-02,3.12500795e-02)
shiftMomentAndFillRow: input mat row: 
matrix size = 16 x 10
 0.000e+00  0.000e+00  0.000e+00  0.000e+00  0.000e+00  0.000e+00  0.000e+00  0.000e+00  0.000e+00  0.000e+00 
shiftMomentAndFillRow:   a_moment =
index 	  moment  
(0,0)	9.76562500e-04
(1,0)	0.00000000e+00
(2,0)	7.94728597e-08
(3,0)	0.00000000e+00
(0,1)	0.00000000e+00
(1,1)	0.00000000e+00
(2,1)	0.00000000e+00
(0,2)	7.94728597e-08
(1,2)	0.00000000e+00
(0,3)	0.00000000e+00
shiftMomentAndFillRow: shiftedMom =
index 	  moment  
(0,0)	9.76562500e-04
(1,0)	6.10351562e-05
(2,0)	3.89417013e-06
(3,0)	2.53319740e-07
(0,1)	3.05176557e-05
(1,1)	1.90735348e-06
(2,1)	1.21693126e-07
(0,2)	1.03315203e-06
(1,2)	6.45720017e-08
(0,3)	3.72531493e-08
shiftMomentAndFillRow: amat leaving = 
matrix size = 16 x 10
 1.000e+00  6.250e-02  3.988e-03  2.594e-04  3.125e-02  1.953e-03  1.246e-04  1.058e-03  6.612e-05  3.815e-05 
index 	  moment  
(0,0)	9.76562500e-04
(1,0)	0.00000000e+00
(2,0)	7.94728597e-08
(3,0)	0.00000000e+00
(0,1)	0.00000000e+00
(1,1)	0.00000000e+00
(2,1)	0.00000000e+00
(0,2)	7.94728597e-08
(1,2)	0.00000000e+00
(0,3)	0.00000000e+00
shiftMomentAndFillRow: a_currentRow = 7
shiftMomentAndFillRow: a_distance   = (9.37500000e-02,3.12500795e-02)
shiftMomentAndFillRow: input mat row: 
matrix size = 16 x 10
 0.000e+00  0.000e+00  0.000e+00  0.000e+00  0.000e+00  0.000e+00  0.000e+00  0.000e+00  0.000e+00  0.000e+00 
shiftMomentAndFillRow:   a_moment =
index 	  moment  
(0,0)	9.76562500e-04
(1,0)	0.00000000e+00
(2,0)	7.94728597e-08
(3,0)	0.00000000e+00
(0,1)	0.00000000e+00
(1,1)	0.00000000e+00
(2,1)	0.00000000e+00
(0,2)	7.94728597e-08
(1,2)	0.00000000e+00
(0,3)	0.00000000e+00
shiftMomentAndFillRow: shiftedMom =
index 	  moment  
(0,0)	9.76562500e-04
(1,0)	9.15527344e-05
(2,0)	8.66254171e-06
(3,0)	8.27014446e-07
(0,1)	3.05176557e-05
(1,1)	2.86103023e-06
(2,1)	2.70705117e-07
(0,2)	1.03315203e-06
(1,2)	9.68580025e-08
(0,3)	3.72531493e-08
shiftMomentAndFillRow: amat leaving = 
matrix size = 16 x 10
 1.000e+00  9.375e-02  8.870e-03  8.469e-04  3.125e-02  2.930e-03  2.772e-04  1.058e-03  9.918e-05  3.815e-05 
index 	  moment  
(0,0)	9.76562500e-04
(1,0)	0.00000000e+00
(2,0)	7.94728597e-08
(3,0)	0.00000000e+00
(0,1)	0.00000000e+00
(1,1)	0.00000000e+00
(2,1)	0.00000000e+00
(0,2)	7.94728597e-08
(1,2)	0.00000000e+00
(0,3)	0.00000000e+00
shiftMomentAndFillRow: a_currentRow = 8
shiftMomentAndFillRow: a_distance   = (0.00000000e+00,6.25000795e-02)
shiftMomentAndFillRow: input mat row: 
matrix size = 16 x 10
 0.000e+00  0.000e+00  0.000e+00  0.000e+00  0.000e+00  0.000e+00  0.000e+00  0.000e+00  0.000e+00  0.000e+00 
shiftMomentAndFillRow:   a_moment =
index 	  moment  
(0,0)	9.76562500e-04
(1,0)	0.00000000e+00
(2,0)	7.94728597e-08
(3,0)	0.00000000e+00
(0,1)	0.00000000e+00
(1,1)	0.00000000e+00
(2,1)	0.00000000e+00
(0,2)	7.94728597e-08
(1,2)	0.00000000e+00
(0,3)	0.00000000e+00
shiftMomentAndFillRow: shiftedMom =
index 	  moment  
(0,0)	9.76562500e-04
(1,0)	0.00000000e+00
(2,0)	7.94728597e-08
(3,0)	0.00000000e+00
(0,1)	6.10352339e-05
(1,1)	0.00000000e+00
(2,1)	4.96706005e-09
(0,2)	3.89417983e-06
(1,2)	0.00000000e+00
(0,3)	2.53320669e-07
shiftMomentAndFillRow: amat leaving = 
matrix size = 16 x 10
 1.000e+00  0.000e+00  8.138e-05  0.000e+00  6.250e-02  0.000e+00  5.086e-06  3.988e-03  0.000e+00  2.594e-04 
index 	  moment  
(0,0)	9.76562500e-04
(1,0)	0.00000000e+00
(2,0)	7.94728597e-08
(3,0)	0.00000000e+00
(0,1)	0.00000000e+00
(1,1)	0.00000000e+00
(2,1)	0.00000000e+00
(0,2)	7.94728597e-08
(1,2)	0.00000000e+00
(0,3)	0.00000000e+00
shiftMomentAndFillRow: a_currentRow = 9
shiftMomentAndFillRow: a_distance   = (3.12500000e-02,6.25000795e-02)
shiftMomentAndFillRow: input mat row: 
matrix size = 16 x 10
 0.000e+00  0.000e+00  0.000e+00  0.000e+00  0.000e+00  0.000e+00  0.000e+00  0.000e+00  0.000e+00  0.000e+00 
shiftMomentAndFillRow:   a_moment =
index 	  moment  
(0,0)	9.76562500e-04
(1,0)	0.00000000e+00
(2,0)	7.94728597e-08
(3,0)	0.00000000e+00
(0,1)	0.00000000e+00
(1,1)	0.00000000e+00
(2,1)	0.00000000e+00
(0,2)	7.94728597e-08
(1,2)	0.00000000e+00
(0,3)	0.00000000e+00
shiftMomentAndFillRow: shiftedMom =
index 	  moment  
(0,0)	9.76562500e-04
(1,0)	3.05175781e-05
(2,0)	1.03314718e-06
(3,0)	3.72529030e-08
(0,1)	6.10352339e-05
(1,1)	1.90735106e-06
(2,1)	6.45717806e-08
(0,2)	3.89417983e-06
(1,2)	1.21693120e-07
(0,3)	2.53320669e-07
shiftMomentAndFillRow: amat leaving = 
matrix size = 16 x 10
 1.000e+00  3.125e-02  1.058e-03  3.815e-05  6.250e-02  1.953e-03  6.612e-05  3.988e-03  1.246e-04  2.594e-04 
index 	  moment  
(0,0)	9.76562500e-04
(1,0)	0.00000000e+00
(2,0)	7.94728597e-08
(3,0)	0.00000000e+00
(0,1)	0.00000000e+00
(1,1)	0.00000000e+00
(2,1)	0.00000000e+00
(0,2)	7.94728597e-08
(1,2)	0.00000000e+00
(0,3)	0.00000000e+00
shiftMomentAndFillRow: a_currentRow = 10
shiftMomentAndFillRow: a_distance   = (6.25000000e-02,6.25000795e-02)
shiftMomentAndFillRow: input mat row: 
matrix size = 16 x 10
 0.000e+00  0.000e+00  0.000e+00  0.000e+00  0.000e+00  0.000e+00  0.000e+00  0.000e+00  0.000e+00  0.000e+00 
shiftMomentAndFillRow:   a_moment =
index 	  moment  
(0,0)	9.76562500e-04
(1,0)	0.00000000e+00
(2,0)	7.94728597e-08
(3,0)	0.00000000e+00
(0,1)	0.00000000e+00
(1,1)	0.00000000e+00
(2,1)	0.00000000e+00
(0,2)	7.94728597e-08
(1,2)	0.00000000e+00
(0,3)	0.00000000e+00
shiftMomentAndFillRow: shiftedMom =
index 	  moment  
(0,0)	9.76562500e-04
(1,0)	6.10351562e-05
(2,0)	3.89417013e-06
(3,0)	2.53319740e-07
(0,1)	6.10352339e-05
(1,1)	3.81470212e-06
(2,1)	2.43385942e-07
(0,2)	3.89417983e-06
(1,2)	2.43386239e-07
(0,3)	2.53320669e-07
shiftMomentAndFillRow: amat leaving = 
matrix size = 16 x 10
 1.000e+00  6.250e-02  3.988e-03  2.594e-04  6.250e-02  3.906e-03  2.492e-04  3.988e-03  2.492e-04  2.594e-04 
index 	  moment  
(0,0)	9.76562500e-04
(1,0)	0.00000000e+00
(2,0)	7.94728597e-08
(3,0)	0.00000000e+00
(0,1)	0.00000000e+00
(1,1)	0.00000000e+00
(2,1)	0.00000000e+00
(0,2)	7.94728597e-08
(1,2)	0.00000000e+00
(0,3)	0.00000000e+00
shiftMomentAndFillRow: a_currentRow = 11
shiftMomentAndFillRow: a_distance   = (9.37500000e-02,6.25000795e-02)
shiftMomentAndFillRow: input mat row: 
matrix size = 16 x 10
 0.000e+00  0.000e+00  0.000e+00  0.000e+00  0.000e+00  0.000e+00  0.000e+00  0.000e+00  0.000e+00  0.000e+00 
shiftMomentAndFillRow:   a_moment =
index 	  moment  
(0,0)	9.76562500e-04
(1,0)	0.00000000e+00
(2,0)	7.94728597e-08
(3,0)	0.00000000e+00
(0,1)	0.00000000e+00
(1,1)	0.00000000e+00
(2,1)	0.00000000e+00
(0,2)	7.94728597e-08
(1,2)	0.00000000e+00
(0,3)	0.00000000e+00
shiftMomentAndFillRow: shiftedMom =
index 	  moment  
(0,0)	9.76562500e-04
(1,0)	9.15527344e-05
(2,0)	8.66254171e-06
(3,0)	8.27014446e-07
(0,1)	6.10352339e-05
(1,1)	5.72205317e-06
(2,1)	5.41409545e-07
(0,2)	3.89417983e-06
(1,2)	3.65079359e-07
(0,3)	2.53320669e-07
shiftMomentAndFillRow: amat leaving = 
matrix size = 16 x 10
 1.000e+00  9.375e-02  8.870e-03  8.469e-04  6.250e-02  5.859e-03  5.544e-04  3.988e-03  3.738e-04  2.594e-04 
index 	  moment  
(0,0)	9.76562500e-04
(1,0)	0.00000000e+00
(2,0)	7.94728597e-08
(3,0)	0.00000000e+00
(0,1)	0.00000000e+00
(1,1)	0.00000000e+00
(2,1)	0.00000000e+00
(0,2)	7.94728597e-08
(1,2)	0.00000000e+00
(0,3)	0.00000000e+00
shiftMomentAndFillRow: a_currentRow = 12
shiftMomentAndFillRow: a_distance   = (0.00000000e+00,9.37500795e-02)
shiftMomentAndFillRow: input mat row: 
matrix size = 16 x 10
 0.000e+00  0.000e+00  0.000e+00  0.000e+00  0.000e+00  0.000e+00  0.000e+00  0.000e+00  0.000e+00  0.000e+00 
shiftMomentAndFillRow:   a_moment =
index 	  moment  
(0,0)	9.76562500e-04
(1,0)	0.00000000e+00
(2,0)	7.94728597e-08
(3,0)	0.00000000e+00
(0,1)	0.00000000e+00
(1,1)	0.00000000e+00
(2,1)	0.00000000e+00
(0,2)	7.94728597e-08
(1,2)	0.00000000e+00
(0,3)	0.00000000e+00
shiftMomentAndFillRow: shiftedMom =
index 	  moment  
(0,0)	9.76562500e-04
(1,0)	0.00000000e+00
(2,0)	7.94728597e-08
(3,0)	0.00000000e+00
(0,1)	9.15528120e-05
(1,1)	0.00000000e+00
(2,1)	7.45058691e-09
(0,2)	8.66255626e-06
(1,2)	0.00000000e+00
(0,3)	8.27016512e-07
shiftMomentAndFillRow: amat leaving = 
matrix size = 16 x 10
 1.000e+00  0.000e+00  8.138e-05  0.000e+00  9.375e-02  0.000e+00  7.629e-06  8.870e-03  0.000e+00  8.469e-04 
index 	  moment  
(0,0)	9.76562500e-04
(1,0)	0.00000000e+00
(2,0)	7.94728597e-08
(3,0)	0.00000000e+00
(0,1)	0.00000000e+00
(1,1)	0.00000000e+00
(2,1)	0.00000000e+00
(0,2)	7.94728597e-08
(1,2)	0.00000000e+00
(0,3)	0.00000000e+00
shiftMomentAndFillRow: a_currentRow = 13
shiftMomentAndFillRow: a_distance   = (3.12500000e-02,9.37500795e-02)
shiftMomentAndFillRow: input mat row: 
matrix size = 16 x 10
 0.000e+00  0.000e+00  0.000e+00  0.000e+00  0.000e+00  0.000e+00  0.000e+00  0.000e+00  0.000e+00  0.000e+00 
shiftMomentAndFillRow:   a_moment =
index 	  moment  
(0,0)	9.76562500e-04
(1,0)	0.00000000e+00
(2,0)	7.94728597e-08
(3,0)	0.00000000e+00
(0,1)	0.00000000e+00
(1,1)	0.00000000e+00
(2,1)	0.00000000e+00
(0,2)	7.94728597e-08
(1,2)	0.00000000e+00
(0,3)	0.00000000e+00
shiftMomentAndFillRow: shiftedMom =
index 	  moment  
(0,0)	9.76562500e-04
(1,0)	3.05175781e-05
(2,0)	1.03314718e-06
(3,0)	3.72529030e-08
(0,1)	9.15528120e-05
(1,1)	2.86102537e-06
(2,1)	9.68576299e-08
(0,2)	8.66255626e-06
(1,2)	2.70704883e-07
(0,3)	8.27016512e-07
shiftMomentAndFillRow: amat leaving = 
matrix size = 16 x 10
 1.000e+00  3.125e-02  1.058e-03  3.815e-05  9.375e-02  2.930e-03  9.918e-05  8.870e-03  2.772e-04  8.469e-04 
index 	  moment  
(0,0)	9.76562500e-04
(1,0)	0.00000000e+00
(2,0)	7.94728597e-08
(3,0)	0.00000000e+00
(0,1)	0.00000000e+00
(1,1)	0.00000000e+00
(2,1)	0.00000000e+00
(0,2)	7.94728597e-08
(1,2)	0.00000000e+00
(0,3)	0.00000000e+00
shiftMomentAndFillRow: a_currentRow = 14
shiftMomentAndFillRow: a_distance   = (6.25000000e-02,9.37500795e-02)
shiftMomentAndFillRow: input mat row: 
matrix size = 16 x 10
 0.000e+00  0.000e+00  0.000e+00  0.000e+00  0.000e+00  0.000e+00  0.000e+00  0.000e+00  0.000e+00  0.000e+00 
shiftMomentAndFillRow:   a_moment =
index 	  moment  
(0,0)	9.76562500e-04
(1,0)	0.00000000e+00
(2,0)	7.94728597e-08
(3,0)	0.00000000e+00
(0,1)	0.00000000e+00
(1,1)	0.00000000e+00
(2,1)	0.00000000e+00
(0,2)	7.94728597e-08
(1,2)	0.00000000e+00
(0,3)	0.00000000e+00
shiftMomentAndFillRow: shiftedMom =
index 	  moment  
(0,0)	9.76562500e-04
(1,0)	6.10351562e-05
(2,0)	3.89417013e-06
(3,0)	2.53319740e-07
(0,1)	9.15528120e-05
(1,1)	5.72205075e-06
(2,1)	3.65078759e-07
(0,2)	8.66255626e-06
(1,2)	5.41409766e-07
(0,3)	8.27016512e-07
shiftMomentAndFillRow: amat leaving = 
matrix size = 16 x 10
 1.000e+00  6.250e-02  3.988e-03  2.594e-04  9.375e-02  5.859e-03  3.738e-04  8.870e-03  5.544e-04  8.469e-04 
index 	  moment  
(0,0)	9.76562500e-04
(1,0)	0.00000000e+00
(2,0)	7.94728597e-08
(3,0)	0.00000000e+00
(0,1)	0.00000000e+00
(1,1)	0.00000000e+00
(2,1)	0.00000000e+00
(0,2)	7.94728597e-08
(1,2)	0.00000000e+00
(0,3)	0.00000000e+00
shiftMomentAndFillRow: a_currentRow = 15
shiftMomentAndFillRow: a_distance   = (9.37500000e-02,9.37500795e-02)
shiftMomentAndFillRow: input mat row: 
matrix size = 16 x 10
 0.000e+00  0.000e+00  0.000e+00  0.000e+00  0.000e+00  0.000e+00  0.000e+00  0.000e+00  0.000e+00  0.000e+00 
shiftMomentAndFillRow:   a_moment =
index 	  moment  
(0,0)	9.76562500e-04
(1,0)	0.00000000e+00
(2,0)	7.94728597e-08
(3,0)	0.00000000e+00
(0,1)	0.00000000e+00
(1,1)	0.00000000e+00
(2,1)	0.00000000e+00
(0,2)	7.94728597e-08
(1,2)	0.00000000e+00
(0,3)	0.00000000e+00
shiftMomentAndFillRow: shiftedMom =
index 	  moment  
(0,0)	9.76562500e-04
(1,0)	9.15527344e-05
(2,0)	8.66254171e-06
(3,0)	8.27014446e-07
(0,1)	9.15528120e-05
(1,1)	8.58307612e-06
(2,1)	8.12113974e-07
(0,2)	8.66255626e-06
(1,2)	8.12114649e-07
(0,3)	8.27016512e-07
shiftMomentAndFillRow: amat leaving = 
matrix size = 16 x 10
 1.000e+00  9.375e-02  8.870e-03  8.469e-04  9.375e-02  8.789e-03  8.316e-04  8.870e-03  8.316e-04  8.469e-04 
Weight matrix: 
matrix size = 16 x 16
 1.000e+00  0.000e+00  0.000e+00  0.000e+00  0.000e+00  0.000e+00  0.000e+00  0.000e+00  0.000e+00  0.000e+00  0.000e+00  0.000e+00  0.000e+00  0.000e+00  0.000e+00  0.000e+00 
 0.000e+00  1.250e-01  0.000e+00  0.000e+00  0.000e+00  0.000e+00  0.000e+00  0.000e+00  0.000e+00  0.000e+00  0.000e+00  0.000e+00  0.000e+00  0.000e+00  0.000e+00  0.000e+00 
 0.000e+00  0.000e+00  3.704e-02  0.000e+00  0.000e+00  0.000e+00  0.000e+00  0.000e+00  0.000e+00  0.000e+00  0.000e+00  0.000e+00  0.000e+00  0.000e+00  0.000e+00  0.000e+00 
 0.000e+00  0.000e+00  0.000e+00  1.562e-02  0.000e+00  0.000e+00  0.000e+00  0.000e+00  0.000e+00  0.000e+00  0.000e+00  0.000e+00  0.000e+00  0.000e+00  0.000e+00  0.000e+00 
 0.000e+00  0.000e+00  0.000e+00  0.000e+00  1.250e-01  0.000e+00  0.000e+00  0.000e+00  0.000e+00  0.000e+00  0.000e+00  0.000e+00  0.000e+00  0.000e+00  0.000e+00  0.000e+00 
 0.000e+00  0.000e+00  0.000e+00  0.000e+00  0.000e+00  3.704e-02  0.000e+00  0.000e+00  0.000e+00  0.000e+00  0.000e+00  0.000e+00  0.000e+00  0.000e+00  0.000e+00  0.000e+00 
 0.000e+00  0.000e+00  0.000e+00  0.000e+00  0.000e+00  0.000e+00  1.562e-02  0.000e+00  0.000e+00  0.000e+00  0.000e+00  0.000e+00  0.000e+00  0.000e+00  0.000e+00  0.000e+00 
 0.000e+00  0.000e+00  0.000e+00  0.000e+00  0.000e+00  0.000e+00  0.000e+00  8.000e-03  0.000e+00  0.000e+00  0.000e+00  0.000e+00  0.000e+00  0.000e+00  0.000e+00  0.000e+00 
 0.000e+00  0.000e+00  0.000e+00  0.000e+00  0.000e+00  0.000e+00  0.000e+00  0.000e+00  3.704e-02  0.000e+00  0.000e+00  0.000e+00  0.000e+00  0.000e+00  0.000e+00  0.000e+00 
 0.000e+00  0.000e+00  0.000e+00  0.000e+00  0.000e+00  0.000e+00  0.000e+00  0.000e+00  0.000e+00  1.562e-02  0.000e+00  0.000e+00  0.000e+00  0.000e+00  0.000e+00  0.000e+00 
 0.000e+00  0.000e+00  0.000e+00  0.000e+00  0.000e+00  0.000e+00  0.000e+00  0.000e+00  0.000e+00  0.000e+00  8.000e-03  0.000e+00  0.000e+00  0.000e+00  0.000e+00  0.000e+00 
 0.000e+00  0.000e+00  0.000e+00  0.000e+00  0.000e+00  0.000e+00  0.000e+00  0.000e+00  0.000e+00  0.000e+00  0.000e+00  4.630e-03  0.000e+00  0.000e+00  0.000e+00  0.000e+00 
 0.000e+00  0.000e+00  0.000e+00  0.000e+00  0.000e+00  0.000e+00  0.000e+00  0.000e+00  0.000e+00  0.000e+00  0.000e+00  0.000e+00  1.562e-02  0.000e+00  0.000e+00  0.000e+00 
 0.000e+00  0.000e+00  0.000e+00  0.000e+00  0.000e+00  0.000e+00  0.000e+00  0.000e+00  0.000e+00  0.000e+00  0.000e+00  0.000e+00  0.000e+00  8.000e-03  0.000e+00  0.000e+00 
 0.000e+00  0.000e+00  0.000e+00  0.000e+00  0.000e+00  0.000e+00  0.000e+00  0.000e+00  0.000e+00  0.000e+00  0.000e+00  0.000e+00  0.000e+00  0.000e+00  4.630e-03  0.000e+00 
 0.000e+00  0.000e+00  0.000e+00  0.000e+00  0.000e+00  0.000e+00  0.000e+00  0.000e+00  0.000e+00  0.000e+00  0.000e+00  0.000e+00  0.000e+00  0.000e+00  0.000e+00  2.915e-03 
Moment matrix: 
matrix size = 16 x 10
 1.000e+00  0.000e+00  8.138e-05  0.000e+00  7.947e-08  0.000e+00  6.468e-12  8.138e-05  0.000e+00  1.940e-11 
 1.000e+00  3.125e-02  1.058e-03  3.815e-05  7.947e-08  2.484e-09  8.408e-11  8.138e-05  2.543e-06  1.940e-11 
 1.000e+00  6.250e-02  3.988e-03  2.594e-04  7.947e-08  4.967e-09  3.169e-10  8.138e-05  5.086e-06  1.940e-11 
 1.000e+00  9.375e-02  8.870e-03  8.469e-04  7.947e-08  7.451e-09  7.050e-10  8.138e-05  7.629e-06  1.940e-11 
 1.000e+00  0.000e+00  8.138e-05  0.000e+00  3.125e-02  0.000e+00  2.543e-06  1.058e-03  0.000e+00  3.815e-05 
 1.000e+00  3.125e-02  1.058e-03  3.815e-05  3.125e-02  9.766e-04  3.306e-05  1.058e-03  3.306e-05  3.815e-05 
 1.000e+00  6.250e-02  3.988e-03  2.594e-04  3.125e-02  1.953e-03  1.246e-04  1.058e-03  6.612e-05  3.815e-05 
 1.000e+00  9.375e-02  8.870e-03  8.469e-04  3.125e-02  2.930e-03  2.772e-04  1.058e-03  9.918e-05  3.815e-05 
 1.000e+00  0.000e+00  8.138e-05  0.000e+00  6.250e-02  0.000e+00  5.086e-06  3.988e-03  0.000e+00  2.594e-04 
 1.000e+00  3.125e-02  1.058e-03  3.815e-05  6.250e-02  1.953e-03  6.612e-05  3.988e-03  1.246e-04  2.594e-04 
 1.000e+00  6.250e-02  3.988e-03  2.594e-04  6.250e-02  3.906e-03  2.492e-04  3.988e-03  2.492e-04  2.594e-04 
 1.000e+00  9.375e-02  8.870e-03  8.469e-04  6.250e-02  5.859e-03  5.544e-04  3.988e-03  3.738e-04  2.594e-04 
 1.000e+00  0.000e+00  8.138e-05  0.000e+00  9.375e-02  0.000e+00  7.629e-06  8.870e-03  0.000e+00  8.469e-04 
 1.000e+00  3.125e-02  1.058e-03  3.815e-05  9.375e-02  2.930e-03  9.918e-05  8.870e-03  2.772e-04  8.469e-04 
 1.000e+00  6.250e-02  3.988e-03  2.594e-04  9.375e-02  5.859e-03  3.738e-04  8.870e-03  5.544e-04  8.469e-04 
 1.000e+00  9.375e-02  8.870e-03  8.469e-04  9.375e-02  8.789e-03  8.316e-04  8.870e-03  8.316e-04  8.469e-04 
WM   matrix: 
matrix size = 16 x 10
 1.000e+00  0.000e+00  8.138e-05  0.000e+00  7.947e-08  0.000e+00  6.468e-12  8.138e-05  0.000e+00  1.940e-11 
 1.250e-01  3.906e-03  1.322e-04  4.768e-06  9.934e-09  3.104e-10  1.051e-11  1.017e-05  3.179e-07  2.425e-12 
 3.704e-02  2.315e-03  1.477e-04  9.607e-06  2.943e-09  1.840e-10  1.174e-11  3.014e-06  1.884e-07  7.186e-13 
 1.562e-02  1.465e-03  1.386e-04  1.323e-05  1.242e-09  1.164e-10  1.101e-11  1.272e-06  1.192e-07  3.032e-13 
 1.250e-01  0.000e+00  1.017e-05  0.000e+00  3.906e-03  0.000e+00  3.179e-07  1.322e-04  0.000e+00  4.768e-06 
 3.704e-02  1.157e-03  3.918e-05  1.413e-06  1.157e-03  3.617e-05  1.224e-06  3.918e-05  1.224e-06  1.413e-06 
 1.562e-02  9.766e-04  6.231e-05  4.053e-06  4.883e-04  3.052e-05  1.947e-06  1.653e-05  1.033e-06  5.961e-07 
 8.000e-03  7.500e-04  7.096e-05  6.775e-06  2.500e-04  2.344e-05  2.218e-06  8.464e-06  7.935e-07  3.052e-07 
 3.704e-02  0.000e+00  3.014e-06  0.000e+00  2.315e-03  0.000e+00  1.884e-07  1.477e-04  0.000e+00  9.607e-06 
 1.562e-02  4.883e-04  1.653e-05  5.960e-07  9.766e-04  3.052e-05  1.033e-06  6.231e-05  1.947e-06  4.053e-06 
 8.000e-03  5.000e-04  3.190e-05  2.075e-06  5.000e-04  3.125e-05  1.994e-06  3.190e-05  1.994e-06  2.075e-06 
 4.630e-03  4.340e-04  4.107e-05  3.921e-06  2.894e-04  2.713e-05  2.567e-06  1.846e-05  1.731e-06  1.201e-06 
 1.562e-02  0.000e+00  1.272e-06  0.000e+00  1.465e-03  0.000e+00  1.192e-07  1.386e-04  0.000e+00  1.323e-05 
 8.000e-03  2.500e-04  8.464e-06  3.052e-07  7.500e-04  2.344e-05  7.935e-07  7.096e-05  2.218e-06  6.775e-06 
 4.630e-03  2.894e-04  1.846e-05  1.201e-06  4.340e-04  2.713e-05  1.731e-06  4.107e-05  2.567e-06  3.921e-06 
 2.915e-03  2.733e-04  2.586e-05  2.469e-06  2.733e-04  2.562e-05  2.425e-06  2.586e-05  2.425e-06  2.469e-06 
WM^T matrix: 
matrix size = 10 x 16
 1.000e+00  1.250e-01  3.704e-02  1.562e-02  1.250e-01  3.704e-02  1.562e-02  8.000e-03  3.704e-02  1.562e-02  8.000e-03  4.630e-03  1.562e-02  8.000e-03  4.630e-03  2.915e-03 
 0.000e+00  3.906e-03  2.315e-03  1.465e-03  0.000e+00  1.157e-03  9.766e-04  7.500e-04  0.000e+00  4.883e-04  5.000e-04  4.340e-04  0.000e+00  2.500e-04  2.894e-04  2.733e-04 
 8.138e-05  1.322e-04  1.477e-04  1.386e-04  1.017e-05  3.918e-05  6.231e-05  7.096e-05  3.014e-06  1.653e-05  3.190e-05  4.107e-05  1.272e-06  8.464e-06  1.846e-05  2.586e-05 
 0.000e+00  4.768e-06  9.607e-06  1.323e-05  0.000e+00  1.413e-06  4.053e-06  6.775e-06  0.000e+00  5.960e-07  2.075e-06  3.921e-06  0.000e+00  3.052e-07  1.201e-06  2.469e-06 
 7.947e-08  9.934e-09  2.943e-09  1.242e-09  3.906e-03  1.157e-03  4.883e-04  2.500e-04  2.315e-03  9.766e-04  5.000e-04  2.894e-04  1.465e-03  7.500e-04  4.340e-04  2.733e-04 
 0.000e+00  3.104e-10  1.840e-10  1.164e-10  0.000e+00  3.617e-05  3.052e-05  2.344e-05  0.000e+00  3.052e-05  3.125e-05  2.713e-05  0.000e+00  2.344e-05  2.713e-05  2.562e-05 
 6.468e-12  1.051e-11  1.174e-11  1.101e-11  3.179e-07  1.224e-06  1.947e-06  2.218e-06  1.884e-07  1.033e-06  1.994e-06  2.567e-06  1.192e-07  7.935e-07  1.731e-06  2.425e-06 
 8.138e-05  1.017e-05  3.014e-06  1.272e-06  1.322e-04  3.918e-05  1.653e-05  8.464e-06  1.477e-04  6.231e-05  3.190e-05  1.846e-05  1.386e-04  7.096e-05  4.107e-05  2.586e-05 
 0.000e+00  3.179e-07  1.884e-07  1.192e-07  0.000e+00  1.224e-06  1.033e-06  7.935e-07  0.000e+00  1.947e-06  1.994e-06  1.731e-06  0.000e+00  2.218e-06  2.567e-06  2.425e-06 
 1.940e-11  2.425e-12  7.186e-13  3.032e-13  4.768e-06  1.413e-06  5.961e-07  3.052e-07  9.607e-06  4.053e-06  2.075e-06  1.201e-06  1.323e-05  6.775e-06  3.921e-06  2.469e-06 
A matrix: 
matrix size = 10 x 10
 1.037e+00  6.788e-04  1.109e-04  1.388e-06  6.789e-04  3.244e-06  2.075e-07  1.109e-04  2.075e-07  1.388e-06 
 6.788e-04  2.652e-05  1.277e-06  7.505e-08  3.244e-06  1.523e-07  8.959e-09  2.075e-07  9.532e-09  9.487e-09 
 1.109e-04  1.277e-06  7.976e-08  4.998e-09  2.075e-07  8.959e-09  6.181e-10  1.856e-08  5.508e-10  5.845e-10 
 1.388e-06  7.505e-08  4.998e-09  3.821e-10  9.487e-09  6.260e-10  4.777e-11  5.845e-10  3.803e-11  3.078e-11 
 6.789e-04  3.244e-06  2.075e-07  9.487e-09  2.652e-05  1.523e-07  9.532e-09  1.277e-06  8.959e-09  7.505e-08 
 3.244e-06  1.523e-07  8.959e-09  6.260e-10  1.523e-07  7.374e-09  4.468e-10  8.959e-09  4.468e-10  6.260e-10 
 2.075e-07  8.959e-09  6.181e-10  4.777e-11  9.532e-09  4.468e-10  3.149e-11  5.508e-10  2.778e-11  3.803e-11 
 1.109e-04  2.075e-07  1.856e-08  5.845e-10  1.277e-06  8.959e-09  5.508e-10  7.976e-08  6.181e-10  4.998e-09 
 2.075e-07  9.532e-09  5.508e-10  3.803e-11  8.959e-09  4.468e-10  2.778e-11  6.181e-10  3.149e-11  4.777e-11 
 1.388e-06  9.487e-09  5.845e-10  3.078e-11  7.505e-08  6.260e-10  3.803e-11  4.998e-09  4.777e-11  3.821e-10 
10 matrix eigenvalues: 
(0): 1.036586068528930e+00
(1): 2.893550461506989e-05
(2): 2.332165926063692e-05
(3): 1.332647274639889e-08
(4): 1.216713247097743e-08
(5): 5.103893657962355e-09
(6): 4.843541964351179e-12
(7): 3.976216453334660e-12
(8): 3.473979477389962e-12
(9): 2.762009811583073e-12
10 matrix eigenvalues: 
(0): 1.036586068528930e+00
(1): 2.893550461506989e-05
(2): 2.332165926063692e-05
(3): 1.332647274639889e-08
(4): 1.216713247097743e-08
(5): 5.103893657962355e-09
(6): 4.843541964351179e-12
(7): 3.976216453334660e-12
(8): 3.473979477389962e-12
(9): 2.762009811583073e-12
10 matrix eigenvalues: 
(0): 1.053890608725950e+00
(1): 4.350012755390499e-05
(2): 2.882322481481427e-05
(3): 7.164482859131102e-08
(4): 1.435007310964060e-08
(5): 8.741838853023900e-09
(6): 9.489237640082851e-11
(7): 1.579221119942888e-11
(8): 5.786083791347931e-12
(9): 4.293555006736907e-12
10 matrix eigenvalues: 
(0): 1.055591928175864e+00
(1): 5.007038793144431e-05
(2): 2.956825426120388e-05
(3): 1.053982213675376e-07
(4): 1.477245094571650e-08
(5): 1.133866402893200e-08
(6): 1.825769892862256e-10
(7): 2.923345402013742e-11
(8): 7.558041049406313e-12
(9): 4.515897471634698e-12
10 matrix eigenvalues: 
(0): 1.055930007776054e+00
(1): 5.303501889029324e-05
(2): 2.979141055919721e-05
(3): 1.321077225731829e-07
(4): 1.493732597875425e-08
(5): 1.305911851463403e-08
(6): 3.273850679079840e-10
(7): 4.309499179421941e-11
(8): 8.793077946277649e-12
(9): 4.579977914223508e-12
10 matrix eigenvalues: 
(0): 1.055930007776054e+00
(1): 5.303501889029324e-05
(2): 2.979141055919721e-05
(3): 1.321077225731829e-07
(4): 1.493732597875425e-08
(5): 1.305911851463403e-08
(6): 3.273850679079840e-10
(7): 4.309499179421941e-11
(8): 8.793077946277649e-12
(9): 4.579977914223508e-12
10 matrix eigenvalues: 
(0): 1.055930007776054e+00
(1): 5.303501889029324e-05
(2): 2.979141055919721e-05
(3): 1.321077225731829e-07
(4): 1.493732597875425e-08
(5): 1.305911851463403e-08
(6): 3.273850679079840e-10
(7): 4.309499179421941e-11
(8): 8.793077946277649e-12
(9): 4.579977914223508e-12
10 matrix eigenvalues: 
(0): 1.055930007776054e+00
(1): 5.303501889029324e-05
(2): 2.979141055919721e-05
(3): 1.321077225731829e-07
(4): 1.493732597875425e-08
(5): 1.305911851463403e-08
(6): 3.273850679079840e-10
(7): 4.309499179421941e-11
(8): 8.793077946277649e-12
(9): 4.579977914223508e-12
10 matrix eigenvalues: 
(0): 1.055930007776054e+00
(1): 5.303501889029324e-05
(2): 2.979141055919721e-05
(3): 1.321077225731829e-07
(4): 1.493732597875425e-08
(5): 1.305911851463403e-08
(6): 3.273850679079840e-10
(7): 4.309499179421941e-11
(8): 8.793077946277649e-12
(9): 4.579977914223508e-12
10 matrix eigenvalues: 
(0): 1.055930007776054e+00
(1): 5.303501889029324e-05
(2): 2.979141055919721e-05
(3): 1.321077225731829e-07
(4): 1.493732597875425e-08
(5): 1.305911851463403e-08
(6): 3.273850679079840e-10
(7): 4.309499179421941e-11
(8): 8.793077946277649e-12
(9): 4.579977914223508e-12
10 matrix eigenvalues: 
(0): 1.055930007776054e+00
(1): 5.303501889029324e-05
(2): 2.979141055919721e-05
(3): 1.321077225731829e-07
(4): 1.493732597875425e-08
(5): 1.305911851463403e-08
(6): 3.273850679079840e-10
(7): 4.309499179421941e-11
(8): 8.793077946277649e-12
(9): 4.579977914223508e-12
10 matrix eigenvalues: 
(0): 1.055930007776054e+00
(1): 5.303501889029324e-05
(2): 2.979141055919721e-05
(3): 1.321077225731829e-07
(4): 1.493732597875425e-08
(5): 1.305911851463403e-08
(6): 3.273850679079840e-10
(7): 4.309499179421941e-11
(8): 8.793077946277649e-12
(9): 4.579977914223508e-12
10 matrix eigenvalues: 
(0): 1.055930007776054e+00
(1): 5.303501889029324e-05
(2): 2.979141055919721e-05
(3): 1.321077225731829e-07
(4): 1.493732597875425e-08
(5): 1.305911851463403e-08
(6): 3.273850679079840e-10
(7): 4.309499179421941e-11
(8): 8.793077946277649e-12
(9): 4.579977914223508e-12
10 matrix eigenvalues: 
(0): 1.055930007776054e+00
(1): 5.303501889029324e-05
(2): 2.979141055919721e-05
(3): 1.321077225731829e-07
(4): 1.493732597875425e-08
(5): 1.305911851463403e-08
(6): 3.273850679079840e-10
(7): 4.309499179421941e-11
(8): 8.793077946277649e-12
(9): 4.579977914223508e-12
10 matrix eigenvalues: 
(0): 1.055930007776054e+00
(1): 5.303501889029324e-05
(2): 2.979141055919721e-05
(3): 1.321077225731829e-07
(4): 1.493732597875425e-08
(5): 1.305911851463403e-08
(6): 3.273850679079840e-10
(7): 4.309499179421941e-11
(8): 8.793077946277649e-12
(9): 4.579977914223508e-12
10 matrix eigenvalues: 
(0): 1.055930007776054e+00
(1): 5.303501889029324e-05
(2): 2.979141055919721e-05
(3): 1.321077225731829e-07
(4): 1.493732597875425e-08
(5): 1.305911851463403e-08
(6): 3.273850679079840e-10
(7): 4.309499179421941e-11
(8): 8.793077946277649e-12
(9): 4.579977914223508e-12
10 matrix eigenvalues: 
(0): 1.055930007776054e+00
(1): 5.303501889029324e-05
(2): 2.979141055919721e-05
(3): 1.321077225731829e-07
(4): 1.493732597875425e-08
(5): 1.305911851463403e-08
(6): 3.273850679079840e-10
(7): 4.309499179421941e-11
(8): 8.793077946277649e-12
(9): 4.579977914223508e-12
10 matrix eigenvalues: 
(0): 1.055930007776054e+00
(1): 5.303501889029324e-05
(2): 2.979141055919721e-05
(3): 1.321077225731829e-07
(4): 1.493732597875425e-08
(5): 1.305911851463403e-08
(6): 3.273850679079840e-10
(7): 4.309499179421941e-11
(8): 8.793077946277649e-12
(9): 4.579977914223508e-12
10 matrix eigenvalues: 
(0): 1.055930007776054e+00
(1): 5.303501889029324e-05
(2): 2.979141055919721e-05
(3): 1.321077225731829e-07
(4): 1.493732597875425e-08
(5): 1.305911851463403e-08
(6): 3.273850679079840e-10
(7): 4.309499179421941e-11
(8): 8.793077946277649e-12
(9): 4.579977914223508e-12
10 matrix eigenvalues: 
(0): 1.055930007776054e+00
(1): 5.303501889029324e-05
(2): 2.979141055919721e-05
(3): 1.321077225731829e-07
(4): 1.493732597875425e-08
(5): 1.305911851463403e-08
(6): 3.273850679079840e-10
(7): 4.309499179421941e-11
(8): 8.793077946277649e-12
(9): 4.579977914223508e-12
10 matrix eigenvalues: 
(0): 1.055930007776054e+00
(1): 5.303501889029324e-05
(2): 2.979141055919721e-05
(3): 1.321077225731829e-07
(4): 1.493732597875425e-08
(5): 1.305911851463403e-08
(6): 3.273850679079840e-10
(7): 4.309499179421941e-11
(8): 8.793077946277649e-12
(9): 4.579977914223508e-12
10 matrix eigenvalues: 
(0): 1.055930007776054e+00
(1): 5.303501889029324e-05
(2): 2.979141055919721e-05
(3): 1.321077225731829e-07
(4): 1.493732597875425e-08
(5): 1.305911851463403e-08
(6): 3.273850679079840e-10
(7): 4.309499179421941e-11
(8): 8.793077946277649e-12
(9): 4.579977914223508e-12
10 matrix eigenvalues: 
(0): 1.055930007776054e+00
(1): 5.303501889029324e-05
(2): 2.979141055919721e-05
(3): 1.321077225731829e-07
(4): 1.493732597875425e-08
(5): 1.305911851463403e-08
(6): 3.273850679079840e-10
(7): 4.309499179421941e-11
(8): 8.793077946277649e-12
(9): 4.579977914223508e-12
10 matrix eigenvalues: 
(0): 1.055930007776054e+00
(1): 5.303501889029324e-05
(2): 2.979141055919721e-05
(3): 1.321077225731829e-07
(4): 1.493732597875425e-08
(5): 1.305911851463403e-08
(6): 3.273850679079840e-10
(7): 4.309499179421941e-11
(8): 8.793077946277649e-12
(9): 4.579977914223508e-12
10 matrix eigenvalues: 
(0): 1.055930007776054e+00
(1): 5.303501889029324e-05
(2): 2.979141055919721e-05
(3): 1.321077225731829e-07
(4): 1.493732597875425e-08
(5): 1.305911851463403e-08
(6): 3.273850679079840e-10
(7): 4.309499179421941e-11
(8): 8.793077946277649e-12
(9): 4.579977914223508e-12
10 matrix eigenvalues: 
(0): 1.055930007776054e+00
(1): 5.303501889029324e-05
(2): 2.979141055919721e-05
(3): 1.321077225731829e-07
(4): 1.493732597875425e-08
(5): 1.305911851463403e-08
(6): 3.273850679079840e-10
(7): 4.309499179421941e-11
(8): 8.793077946277649e-12
(9): 4.579977914223508e-12
10 matrix eigenvalues: 
(0): 1.055930007776054e+00
(1): 5.303501889029324e-05
(2): 2.979141055919721e-05
(3): 1.321077225731829e-07
(4): 1.493732597875425e-08
(5): 1.305911851463403e-08
(6): 3.273850679079840e-10
(7): 4.309499179421941e-11
(8): 8.793077946277649e-12
(9): 4.579977914223508e-12
10 matrix eigenvalues: 
(0): 1.055930007776054e+00
(1): 5.303501889029324e-05
(2): 2.979141055919721e-05
(3): 1.321077225731829e-07
(4): 1.493732597875425e-08
(5): 1.305911851463403e-08
(6): 3.273850679079840e-10
(7): 4.309499179421941e-11
(8): 8.793077946277649e-12
(9): 4.579977914223508e-12
10 matrix eigenvalues: 
(0): 1.055930007776054e+00
(1): 5.303501889029324e-05
(2): 2.979141055919721e-05
(3): 1.321077225731829e-07
(4): 1.493732597875425e-08
(5): 1.305911851463403e-08
(6): 3.273850679079840e-10
(7): 4.309499179421941e-11
(8): 8.793077946277649e-12
(9): 4.579977914223508e-12
10 matrix eigenvalues: 
(0): 1.055930007776054e+00
(1): 5.303501889029324e-05
(2): 2.979141055919721e-05
(3): 1.321077225731829e-07
(4): 1.493732597875425e-08
(5): 1.305911851463403e-08
(6): 3.273850679079840e-10
(7): 4.309499179421941e-11
(8): 8.793077946277649e-12
(9): 4.579977914223508e-12
10 matrix eigenvalues: 
(0): 1.055591928175864e+00
(1): 5.007038793144428e-05
(2): 2.956825426120389e-05
(3): 1.053982213675377e-07
(4): 1.477245094571652e-08
(5): 1.133866402893200e-08
(6): 1.825769892862256e-10
(7): 2.923345402013744e-11
(8): 7.558041049406313e-12
(9): 4.515897471635019e-12
10 matrix eigenvalues: 
(0): 1.053890608725950e+00
(1): 4.350012755390501e-05
(2): 2.882322481481427e-05
(3): 7.164482859131099e-08
(4): 1.435007310964058e-08
(5): 8.741838853023892e-09
(6): 9.489237640082850e-11
(7): 1.579221119942888e-11
(8): 5.786083791347905e-12
(9): 4.293555006736729e-12
10 matrix eigenvalues: 
(0): 1.036586068528930e+00
(1): 2.893550461506988e-05
(2): 2.332165926063692e-05
(3): 1.332647274639891e-08
(4): 1.216713247097744e-08
(5): 5.103893657962355e-09
(6): 4.843541964351168e-12
(7): 3.976216453334631e-12
(8): 3.473979477389881e-12
(9): 2.762009811583075e-12
10 matrix eigenvalues: 
(0): 1.053890608629781e+00
(1): 4.350012773970338e-05
(2): 2.882322439386067e-05
(3): 7.164482943571950e-08
(4): 1.435007256033583e-08
(5): 8.741838767300157e-09
