Running test for polynomial order = 3
eigen inverse test
A = 
matrix size = 4 x 4
 1.000e+00  2.000e+00  3.000e+00  4.000e+00 
 5.000e+00 -6.000e+00  7.000e+00  8.000e+00 
 9.000e+00  1.000e+01  1.100e+01  1.200e+01 
 1.300e+01  1.400e+01  1.500e+01 -1.600e+01 

Ainv = 
matrix size = 4 x 4
-7.161e-01  4.167e-02  1.901e-01 -1.563e-02 
 4.167e-02 -8.333e-02  4.167e-02  4.266e-18 
 5.651e-01  4.167e-02 -1.536e-01  4.688e-02 
-1.562e-02  3.740e-18  4.687e-02 -3.125e-02 

A * Ainv = 
matrix size = 4 x 4
 1.000e+00 -2.667e-17 -2.776e-17  0.000e+00 
-4.857e-16  1.000e+00  1.110e-16 -5.551e-17 
-6.939e-18  8.652e-17  1.000e+00  0.000e+00 
-6.939e-16 -7.373e-17 -1.110e-16  1.000e+00 

nx = 32
max_grid = 32
Cell merging is turned ON.
making grids
all regular geometry
defining geometry in EB land
maximum (non covered) volume fraction for grids[0] = 1.000e+00
minimum (non covered) volume fraction for grids[0] = 1.000e+00
maximum volume fraction overall = 1.000e+00
minimum volume fraction overall = 1.000e+00
SubVolVec: ientry = 0
volume :((0 ,0 )), volmom = 
index 	  moment  
(0,0)	9.76562500e-04
(1,0)	0.00000000e+00
(2,0)	7.94728597e-08
(3,0)	0.00000000e+00
(0,1)	0.00000000e+00
(1,1)	0.00000000e+00
(2,1)	0.00000000e+00
(0,2)	7.94728597e-08
(1,2)	0.00000000e+00
(0,3)	0.00000000e+00
index 	  moment  
(0,0)	9.76562500e-04
(1,0)	0.00000000e+00
(2,0)	7.94728597e-08
(3,0)	0.00000000e+00
(0,1)	0.00000000e+00
(1,1)	0.00000000e+00
(2,1)	0.00000000e+00
(0,2)	7.94728597e-08
(1,2)	0.00000000e+00
(0,3)	0.00000000e+00
shiftMomentAndFillRow: a_currentRow = 0
shiftMomentAndFillRow: a_distance   = (0.00000000e+00,7.94728597e-08)
shiftMomentAndFillRow: input mat row: 
matrix size = 16 x 10
 0.000e+00  0.000e+00  0.000e+00  0.000e+00  0.000e+00  0.000e+00  0.000e+00  0.000e+00  0.000e+00  0.000e+00 
shiftMomentAndFillRow:   a_moment =
index 	  moment  
(0,0)	9.76562500e-04
(1,0)	0.00000000e+00
(2,0)	7.94728597e-08
(3,0)	0.00000000e+00
(0,1)	0.00000000e+00
(1,1)	0.00000000e+00
(2,1)	0.00000000e+00
(0,2)	7.94728597e-08
(1,2)	0.00000000e+00
(0,3)	0.00000000e+00
shiftMomentAndFillRow: shiftedMom =
index 	  moment  
(0,0)	9.76562500e-04
(1,0)	0.00000000e+00
(2,0)	7.94728597e-08
(3,0)	0.00000000e+00
(0,1)	7.76102146e-11
(1,1)	0.00000000e+00
(2,1)	6.31593543e-15
(0,2)	7.94728597e-08
(1,2)	0.00000000e+00
(0,3)	1.89478063e-14
shiftMomentAndFillRow: amat leaving = 
matrix size = 16 x 10
 1.000e+00  0.000e+00  8.138e-05  0.000e+00  7.947e-08  0.000e+00  6.468e-12  8.138e-05  0.000e+00  1.940e-11 
index 	  moment  
(0,0)	9.76562500e-04
(1,0)	0.00000000e+00
(2,0)	7.94728597e-08
(3,0)	0.00000000e+00
(0,1)	0.00000000e+00
(1,1)	0.00000000e+00
(2,1)	0.00000000e+00
(0,2)	7.94728597e-08
(1,2)	0.00000000e+00
(0,3)	0.00000000e+00
shiftMomentAndFillRow: a_currentRow = 1
shiftMomentAndFillRow: a_distance   = (3.12500000e-02,7.94728597e-08)
shiftMomentAndFillRow: input mat row: 
matrix size = 16 x 10
 0.000e+00  0.000e+00  0.000e+00  0.000e+00  0.000e+00  0.000e+00  0.000e+00  0.000e+00  0.000e+00  0.000e+00 
shiftMomentAndFillRow:   a_moment =
index 	  moment  
(0,0)	9.76562500e-04
(1,0)	0.00000000e+00
(2,0)	7.94728597e-08
(3,0)	0.00000000e+00
(0,1)	0.00000000e+00
(1,1)	0.00000000e+00
(2,1)	0.00000000e+00
(0,2)	7.94728597e-08
(1,2)	0.00000000e+00
(0,3)	0.00000000e+00
shiftMomentAndFillRow: shiftedMom =
index 	  moment  
(0,0)	9.76562500e-04
(1,0)	3.05175781e-05
(2,0)	1.03314718e-06
(3,0)	3.72529030e-08
(0,1)	7.76102146e-11
(1,1)	2.42531920e-12
(2,1)	8.21071606e-14
(0,2)	7.94728597e-08
(1,2)	2.48352687e-09
(0,3)	1.89478063e-14
shiftMomentAndFillRow: amat leaving = 
matrix size = 16 x 10
 1.000e+00  3.125e-02  1.058e-03  3.815e-05  7.947e-08  2.484e-09  8.408e-11  8.138e-05  2.543e-06  1.940e-11 
index 	  moment  
(0,0)	9.76562500e-04
(1,0)	0.00000000e+00
(2,0)	7.94728597e-08
(3,0)	0.00000000e+00
(0,1)	0.00000000e+00
(1,1)	0.00000000e+00
(2,1)	0.00000000e+00
(0,2)	7.94728597e-08
(1,2)	0.00000000e+00
(0,3)	0.00000000e+00
shiftMomentAndFillRow: a_currentRow = 2
shiftMomentAndFillRow: a_distance   = (6.25000000e-02,7.94728597e-08)
shiftMomentAndFillRow: input mat row: 
matrix size = 16 x 10
 0.000e+00  0.000e+00  0.000e+00  0.000e+00  0.000e+00  0.000e+00  0.000e+00  0.000e+00  0.000e+00  0.000e+00 
shiftMomentAndFillRow:   a_moment =
index 	  moment  
(0,0)	9.76562500e-04
(1,0)	0.00000000e+00
(2,0)	7.94728597e-08
(3,0)	0.00000000e+00
(0,1)	0.00000000e+00
(1,1)	0.00000000e+00
(2,1)	0.00000000e+00
(0,2)	7.94728597e-08
(1,2)	0.00000000e+00
(0,3)	0.00000000e+00
shiftMomentAndFillRow: shiftedMom =
index 	  moment  
(0,0)	9.76562500e-04
(1,0)	6.10351562e-05
(2,0)	3.89417013e-06
(3,0)	2.53319740e-07
(0,1)	7.76102146e-11
(1,1)	4.85063841e-12
(2,1)	3.09480836e-13
(0,2)	7.94728597e-08
(1,2)	4.96705373e-09
(0,3)	1.89478063e-14
shiftMomentAndFillRow: amat leaving = 
matrix size = 16 x 10
 1.000e+00  6.250e-02  3.988e-03  2.594e-04  7.947e-08  4.967e-09  3.169e-10  8.138e-05  5.086e-06  1.940e-11 
index 	  moment  
(0,0)	9.76562500e-04
(1,0)	0.00000000e+00
(2,0)	7.94728597e-08
(3,0)	0.00000000e+00
(0,1)	0.00000000e+00
(1,1)	0.00000000e+00
(2,1)	0.00000000e+00
(0,2)	7.94728597e-08
(1,2)	0.00000000e+00
(0,3)	0.00000000e+00
shiftMomentAndFillRow: a_currentRow = 3
shiftMomentAndFillRow: a_distance   = (9.37500000e-02,7.94728597e-08)
shiftMomentAndFillRow: input mat row: 
matrix size = 16 x 10
 0.000e+00  0.000e+00  0.000e+00  0.000e+00  0.000e+00  0.000e+00  0.000e+00  0.000e+00  0.000e+00  0.000e+00 
shiftMomentAndFillRow:   a_moment =
index 	  moment  
(0,0)	9.76562500e-04
(1,0)	0.00000000e+00
(2,0)	7.94728597e-08
(3,0)	0.00000000e+00
(0,1)	0.00000000e+00
(1,1)	0.00000000e+00
(2,1)	0.00000000e+00
(0,2)	7.94728597e-08
(1,2)	0.00000000e+00
(0,3)	0.00000000e+00
shiftMomentAndFillRow: shiftedMom =
index 	  moment  
(0,0)	9.76562500e-04
(1,0)	9.15527344e-05
(2,0)	8.66254171e-06
(3,0)	8.27014446e-07
(0,1)	7.76102146e-11
(1,1)	7.27595761e-12
(2,1)	6.88436962e-13
(0,2)	7.94728597e-08
(1,2)	7.45058060e-09
(0,3)	1.89478063e-14
shiftMomentAndFillRow: amat leaving = 
matrix size = 16 x 10
 1.000e+00  9.375e-02  8.870e-03  8.469e-04  7.947e-08  7.451e-09  7.050e-10  8.138e-05  7.629e-06  1.940e-11 
index 	  moment  
(0,0)	9.76562500e-04
(1,0)	0.00000000e+00
(2,0)	7.94728597e-08
(3,0)	0.00000000e+00
(0,1)	0.00000000e+00
(1,1)	0.00000000e+00
(2,1)	0.00000000e+00
(0,2)	7.94728597e-08
(1,2)	0.00000000e+00
(0,3)	0.00000000e+00
shiftMomentAndFillRow: a_currentRow = 4
shiftMomentAndFillRow: a_distance   = (0.00000000e+00,3.12500795e-02)
shiftMomentAndFillRow: input mat row: 
matrix size = 16 x 10
 0.000e+00  0.000e+00  0.000e+00  0.000e+00  0.000e+00  0.000e+00  0.000e+00  0.000e+00  0.000e+00  0.000e+00 
shiftMomentAndFillRow:   a_moment =
index 	  moment  
(0,0)	9.76562500e-04
(1,0)	0.00000000e+00
(2,0)	7.94728597e-08
(3,0)	0.00000000e+00
(0,1)	0.00000000e+00
(1,1)	0.00000000e+00
(2,1)	0.00000000e+00
(0,2)	7.94728597e-08
(1,2)	0.00000000e+00
(0,3)	0.00000000e+00
shiftMomentAndFillRow: shiftedMom =
index 	  moment  
(0,0)	9.76562500e-04
(1,0)	0.00000000e+00
(2,0)	7.94728597e-08
(3,0)	0.00000000e+00
(0,1)	3.05176557e-05
(1,1)	0.00000000e+00
(2,1)	2.48353318e-09
(0,2)	1.03315203e-06
(1,2)	0.00000000e+00
(0,3)	3.72531493e-08
shiftMomentAndFillRow: amat leaving = 
matrix size = 16 x 10
 1.000e+00  0.000e+00  8.138e-05  0.000e+00  3.125e-02  0.000e+00  2.543e-06  1.058e-03  0.000e+00  3.815e-05 
index 	  moment  
(0,0)	9.76562500e-04
(1,0)	0.00000000e+00
(2,0)	7.94728597e-08
(3,0)	0.00000000e+00
(0,1)	0.00000000e+00
(1,1)	0.00000000e+00
(2,1)	0.00000000e+00
(0,2)	7.94728597e-08
(1,2)	0.00000000e+00
(0,3)	0.00000000e+00
shiftMomentAndFillRow: a_currentRow = 5
shiftMomentAndFillRow: a_distance   = (3.12500000e-02,3.12500795e-02)
shiftMomentAndFillRow: input mat row: 
matrix size = 16 x 10
 0.000e+00  0.000e+00  0.000e+00  0.000e+00  0.000e+00  0.000e+00  0.000e+00  0.000e+00  0.000e+00  0.000e+00 
shiftMomentAndFillRow:   a_moment =
index 	  moment  
(0,0)	9.76562500e-04
(1,0)	0.00000000e+00
(2,0)	7.94728597e-08
(3,0)	0.00000000e+00
(0,1)	0.00000000e+00
(1,1)	0.00000000e+00
(2,1)	0.00000000e+00
(0,2)	7.94728597e-08
(1,2)	0.00000000e+00
(0,3)	0.00000000e+00
shiftMomentAndFillRow: shiftedMom =
index 	  moment  
(0,0)	9.76562500e-04
(1,0)	3.05175781e-05
(2,0)	1.03314718e-06
(3,0)	3.72529030e-08
(0,1)	3.05176557e-05
(1,1)	9.53676742e-07
(2,1)	3.22859314e-08
(0,2)	1.03315203e-06
(1,2)	3.22860008e-08
(0,3)	3.72531493e-08
shiftMomentAndFillRow: amat leaving = 
matrix size = 16 x 10
 1.000e+00  3.125e-02  1.058e-03  3.815e-05  3.125e-02  9.766e-04  3.306e-05  1.058e-03  3.306e-05  3.815e-05 
index 	  moment  
(0,0)	9.76562500e-04
(1,0)	0.00000000e+00
(2,0)	7.94728597e-08
(3,0)	0.00000000e+00
(0,1)	0.00000000e+00
(1,1)	0.00000000e+00
(2,1)	0.00000000e+00
(0,2)	7.94728597e-08
(1,2)	0.00000000e+00
(0,3)	0.00000000e+00
shiftMomentAndFillRow: a_currentRow = 6
shiftMomentAndFillRow: a_distance   = (6.25000000e-02,3.12500795e-02)
shiftMomentAndFillRow: input mat row: 
matrix size = 16 x 10
 0.000e+00  0.000e+00  0.000e+00  0.000e+00  0.000e+00  0.000e+00  0.000e+00  0.000e+00  0.000e+00  0.000e+00 
shiftMomentAndFillRow:   a_moment =
index 	  moment  
(0,0)	9.76562500e-04
(1,0)	0.00000000e+00
(2,0)	7.94728597e-08
(3,0)	0.00000000e+00
(0,1)	0.00000000e+00
(1,1)	0.00000000e+00
(2,1)	0.00000000e+00
(0,2)	7.94728597e-08
(1,2)	0.00000000e+00
(0,3)	0.00000000e+00
shiftMomentAndFillRow: shiftedMom =
index 	  moment  
(0,0)	9.76562500e-04
(1,0)	6.10351562e-05
(2,0)	3.89417013e-06
(3,0)	2.53319740e-07
(0,1)	3.05176557e-05
(1,1)	1.90735348e-06
(2,1)	1.21693126e-07
(0,2)	1.03315203e-06
(1,2)	6.45720017e-08
(0,3)	3.72531493e-08
shiftMomentAndFillRow: amat leaving = 
matrix size = 16 x 10
 1.000e+00  6.250e-02  3.988e-03  2.594e-04  3.125e-02  1.953e-03  1.246e-04  1.058e-03  6.612e-05  3.815e-05 
index 	  moment  
(0,0)	9.76562500e-04
(1,0)	0.00000000e+00
(2,0)	7.94728597e-08
(3,0)	0.00000000e+00
(0,1)	0.00000000e+00
(1,1)	0.00000000e+00
(2,1)	0.00000000e+00
(0,2)	7.94728597e-08
(1,2)	0.00000000e+00
(0,3)	0.00000000e+00
shiftMomentAndFillRow: a_currentRow = 7
shiftMomentAndFillRow: a_distance   = (9.37500000e-02,3.12500795e-02)
shiftMomentAndFillRow: input mat row: 
matrix size = 16 x 10
 0.000e+00  0.000e+00  0.000e+00  0.000e+00  0.000e+00  0.000e+00  0.000e+00  0.000e+00  0.000e+00  0.000e+00 
shiftMomentAndFillRow:   a_moment =
index 	  moment  
(0,0)	9.76562500e-04
(1,0)	0.00000000e+00
(2,0)	7.94728597e-08
(3,0)	0.00000000e+00
(0,1)	0.00000000e+00
(1,1)	0.00000000e+00
(2,1)	0.00000000e+00
(0,2)	7.94728597e-08
(1,2)	0.00000000e+00
(0,3)	0.00000000e+00
shiftMomentAndFillRow: shiftedMom =
index 	  moment  
(0,0)	9.76562500e-04
(1,0)	9.15527344e-05
(2,0)	8.66254171e-06
(3,0)	8.27014446e-07
(0,1)	3.05176557e-05
(1,1)	2.86103023e-06
(2,1)	2.70705117e-07
(0,2)	1.03315203e-06
(1,2)	9.68580025e-08
(0,3)	3.72531493e-08
shiftMomentAndFillRow: amat leaving = 
matrix size = 16 x 10
 1.000e+00  9.375e-02  8.870e-03  8.469e-04  3.125e-02  2.930e-03  2.772e-04  1.058e-03  9.918e-05  3.815e-05 
index 	  moment  
(0,0)	9.76562500e-04
(1,0)	0.00000000e+00
(2,0)	7.94728597e-08
(3,0)	0.00000000e+00
(0,1)	0.00000000e+00
(1,1)	0.00000000e+00
(2,1)	0.00000000e+00
(0,2)	7.94728597e-08
(1,2)	0.00000000e+00
(0,3)	0.00000000e+00
shiftMomentAndFillRow: a_currentRow = 8
shiftMomentAndFillRow: a_distance   = (0.00000000e+00,6.25000795e-02)
shiftMomentAndFillRow: input mat row: 
matrix size = 16 x 10
 0.000e+00  0.000e+00  0.000e+00  0.000e+00  0.000e+00  0.000e+00  0.000e+00  0.000e+00  0.000e+00  0.000e+00 
shiftMomentAndFillRow:   a_moment =
index 	  moment  
(0,0)	9.76562500e-04
(1,0)	0.00000000e+00
(2,0)	7.94728597e-08
(3,0)	0.00000000e+00
(0,1)	0.00000000e+00
(1,1)	0.00000000e+00
(2,1)	0.00000000e+00
(0,2)	7.94728597e-08
(1,2)	0.00000000e+00
(0,3)	0.00000000e+00
shiftMomentAndFillRow: shiftedMom =
index 	  moment  
(0,0)	9.76562500e-04
(1,0)	0.00000000e+00
(2,0)	7.94728597e-08
(3,0)	0.00000000e+00
(0,1)	6.10352339e-05
(1,1)	0.00000000e+00
(2,1)	4.96706005e-09
(0,2)	3.89417983e-06
(1,2)	0.00000000e+00
(0,3)	2.53320669e-07
shiftMomentAndFillRow: amat leaving = 
matrix size = 16 x 10
 1.000e+00  0.000e+00  8.138e-05  0.000e+00  6.250e-02  0.000e+00  5.086e-06  3.988e-03  0.000e+00  2.594e-04 
index 	  moment  
(0,0)	9.76562500e-04
(1,0)	0.00000000e+00
(2,0)	7.94728597e-08
(3,0)	0.00000000e+00
(0,1)	0.00000000e+00
(1,1)	0.00000000e+00
(2,1)	0.00000000e+00
(0,2)	7.94728597e-08
(1,2)	0.00000000e+00
(0,3)	0.00000000e+00
shiftMomentAndFillRow: a_currentRow = 9
shiftMomentAndFillRow: a_distance   = (3.12500000e-02,6.25000795e-02)
shiftMomentAndFillRow: input mat row: 
matrix size = 16 x 10
 0.000e+00  0.000e+00  0.000e+00  0.000e+00  0.000e+00  0.000e+00  0.000e+00  0.000e+00  0.000e+00  0.000e+00 
shiftMomentAndFillRow:   a_moment =
index 	  moment  
(0,0)	9.76562500e-04
(1,0)	0.00000000e+00
(2,0)	7.94728597e-08
(3,0)	0.00000000e+00
(0,1)	0.00000000e+00
(1,1)	0.00000000e+00
(2,1)	0.00000000e+00
(0,2)	7.94728597e-08
(1,2)	0.00000000e+00
(0,3)	0.00000000e+00
shiftMomentAndFillRow: shiftedMom =
index 	  moment  
(0,0)	9.76562500e-04
(1,0)	3.05175781e-05
(2,0)	1.03314718e-06
(3,0)	3.72529030e-08
(0,1)	6.10352339e-05
(1,1)	1.90735106e-06
(2,1)	6.45717806e-08
(0,2)	3.89417983e-06
(1,2)	1.21693120e-07
(0,3)	2.53320669e-07
shiftMomentAndFillRow: amat leaving = 
matrix size = 16 x 10
 1.000e+00  3.125e-02  1.058e-03  3.815e-05  6.250e-02  1.953e-03  6.612e-05  3.988e-03  1.246e-04  2.594e-04 
index 	  moment  
(0,0)	9.76562500e-04
(1,0)	0.00000000e+00
(2,0)	7.94728597e-08
(3,0)	0.00000000e+00
(0,1)	0.00000000e+00
(1,1)	0.00000000e+00
(2,1)	0.00000000e+00
(0,2)	7.94728597e-08
(1,2)	0.00000000e+00
(0,3)	0.00000000e+00
shiftMomentAndFillRow: a_currentRow = 10
shiftMomentAndFillRow: a_distance   = (6.25000000e-02,6.25000795e-02)
shiftMomentAndFillRow: input mat row: 
matrix size = 16 x 10
 0.000e+00  0.000e+00  0.000e+00  0.000e+00  0.000e+00  0.000e+00  0.000e+00  0.000e+00  0.000e+00  0.000e+00 
shiftMomentAndFillRow:   a_moment =
index 	  moment  
(0,0)	9.76562500e-04
(1,0)	0.00000000e+00
(2,0)	7.94728597e-08
(3,0)	0.00000000e+00
(0,1)	0.00000000e+00
(1,1)	0.00000000e+00
(2,1)	0.00000000e+00
(0,2)	7.94728597e-08
(1,2)	0.00000000e+00
(0,3)	0.00000000e+00
shiftMomentAndFillRow: shiftedMom =
index 	  moment  
(0,0)	9.76562500e-04
(1,0)	6.10351562e-05
(2,0)	3.89417013e-06
(3,0)	2.53319740e-07
(0,1)	6.10352339e-05
(1,1)	3.81470212e-06
(2,1)	2.43385942e-07
(0,2)	3.89417983e-06
(1,2)	2.43386239e-07
(0,3)	2.53320669e-07
shiftMomentAndFillRow: amat leaving = 
matrix size = 16 x 10
 1.000e+00  6.250e-02  3.988e-03  2.594e-04  6.250e-02  3.906e-03  2.492e-04  3.988e-03  2.492e-04  2.594e-04 
index 	  moment  
(0,0)	9.76562500e-04
(1,0)	0.00000000e+00
(2,0)	7.94728597e-08
(3,0)	0.00000000e+00
(0,1)	0.00000000e+00
(1,1)	0.00000000e+00
(2,1)	0.00000000e+00
(0,2)	7.94728597e-08
(1,2)	0.00000000e+00
(0,3)	0.00000000e+00
shiftMomentAndFillRow: a_currentRow = 11
shiftMomentAndFillRow: a_distance   = (9.37500000e-02,6.25000795e-02)
shiftMomentAndFillRow: input mat row: 
matrix size = 16 x 10
 0.000e+00  0.000e+00  0.000e+00  0.000e+00  0.000e+00  0.000e+00  0.000e+00  0.000e+00  0.000e+00  0.000e+00 
shiftMomentAndFillRow:   a_moment =
index 	  moment  
(0,0)	9.76562500e-04
(1,0)	0.00000000e+00
(2,0)	7.94728597e-08
(3,0)	0.00000000e+00
(0,1)	0.00000000e+00
(1,1)	0.00000000e+00
(2,1)	0.00000000e+00
(0,2)	7.94728597e-08
(1,2)	0.00000000e+00
(0,3)	0.00000000e+00
shiftMomentAndFillRow: shiftedMom =
index 	  moment  
(0,0)	9.76562500e-04
(1,0)	9.15527344e-05
(2,0)	8.66254171e-06
(3,0)	8.27014446e-07
(0,1)	6.10352339e-05
(1,1)	5.72205317e-06
(2,1)	5.41409545e-07
(0,2)	3.89417983e-06
(1,2)	3.65079359e-07
(0,3)	2.53320669e-07
shiftMomentAndFillRow: amat leaving = 
matrix size = 16 x 10
 1.000e+00  9.375e-02  8.870e-03  8.469e-04  6.250e-02  5.859e-03  5.544e-04  3.988e-03  3.738e-04  2.594e-04 
index 	  moment  
(0,0)	9.76562500e-04
(1,0)	0.00000000e+00
(2,0)	7.94728597e-08
(3,0)	0.00000000e+00
(0,1)	0.00000000e+00
(1,1)	0.00000000e+00
(2,1)	0.00000000e+00
(0,2)	7.94728597e-08
(1,2)	0.00000000e+00
(0,3)	0.00000000e+00
shiftMomentAndFillRow: a_currentRow = 12
shiftMomentAndFillRow: a_distance   = (0.00000000e+00,9.37500795e-02)
shiftMomentAndFillRow: input mat row: 
matrix size = 16 x 10
 0.000e+00  0.000e+00  0.000e+00  0.000e+00  0.000e+00  0.000e+00  0.000e+00  0.000e+00  0.000e+00  0.000e+00 
shiftMomentAndFillRow:   a_moment =
index 	  moment  
(0,0)	9.76562500e-04
(1,0)	0.00000000e+00
(2,0)	7.94728597e-08
(3,0)	0.00000000e+00
(0,1)	0.00000000e+00
(1,1)	0.00000000e+00
(2,1)	0.00000000e+00
(0,2)	7.94728597e-08
(1,2)	0.00000000e+00
(0,3)	0.00000000e+00
shiftMomentAndFillRow: shiftedMom =
index 	  moment  
(0,0)	9.76562500e-04
(1,0)	0.00000000e+00
(2,0)	7.94728597e-08
(3,0)	0.00000000e+00
(0,1)	9.15528120e-05
(1,1)	0.00000000e+00
(2,1)	7.45058691e-09
(0,2)	8.66255626e-06
(1,2)	0.00000000e+00
(0,3)	8.27016512e-07
shiftMomentAndFillRow: amat leaving = 
matrix size = 16 x 10
 1.000e+00  0.000e+00  8.138e-05  0.000e+00  9.375e-02  0.000e+00  7.629e-06  8.870e-03  0.000e+00  8.469e-04 
index 	  moment  
(0,0)	9.76562500e-04
(1,0)	0.00000000e+00
(2,0)	7.94728597e-08
(3,0)	0.00000000e+00
(0,1)	0.00000000e+00
(1,1)	0.00000000e+00
(2,1)	0.00000000e+00
(0,2)	7.94728597e-08
(1,2)	0.00000000e+00
(0,3)	0.00000000e+00
shiftMomentAndFillRow: a_currentRow = 13
shiftMomentAndFillRow: a_distance   = (3.12500000e-02,9.37500795e-02)
shiftMomentAndFillRow: input mat row: 
matrix size = 16 x 10
 0.000e+00  0.000e+00  0.000e+00  0.000e+00  0.000e+00  0.000e+00  0.000e+00  0.000e+00  0.000e+00  0.000e+00 
shiftMomentAndFillRow:   a_moment =
index 	  moment  
(0,0)	9.76562500e-04
(1,0)	0.00000000e+00
(2,0)	7.94728597e-08
(3,0)	0.00000000e+00
(0,1)	0.00000000e+00
(1,1)	0.00000000e+00
(2,1)	0.00000000e+00
(0,2)	7.94728597e-08
(1,2)	0.00000000e+00
(0,3)	0.00000000e+00
shiftMomentAndFillRow: shiftedMom =
index 	  moment  
(0,0)	9.76562500e-04
(1,0)	3.05175781e-05
(2,0)	1.03314718e-06
(3,0)	3.72529030e-08
(0,1)	9.15528120e-05
(1,1)	2.86102537e-06
(2,1)	9.68576299e-08
(0,2)	8.66255626e-06
(1,2)	2.70704883e-07
(0,3)	8.27016512e-07
shiftMomentAndFillRow: amat leaving = 
matrix size = 16 x 10
 1.000e+00  3.125e-02  1.058e-03  3.815e-05  9.375e-02  2.930e-03  9.918e-05  8.870e-03  2.772e-04  8.469e-04 
index 	  moment  
(0,0)	9.76562500e-04
(1,0)	0.00000000e+00
(2,0)	7.94728597e-08
(3,0)	0.00000000e+00
(0,1)	0.00000000e+00
(1,1)	0.00000000e+00
(2,1)	0.00000000e+00
(0,2)	7.94728597e-08
(1,2)	0.00000000e+00
(0,3)	0.00000000e+00
shiftMomentAndFillRow: a_currentRow = 14
shiftMomentAndFillRow: a_distance   = (6.25000000e-02,9.37500795e-02)
shiftMomentAndFillRow: input mat row: 
matrix size = 16 x 10
 0.000e+00  0.000e+00  0.000e+00  0.000e+00  0.000e+00  0.000e+00  0.000e+00  0.000e+00  0.000e+00  0.000e+00 
shiftMomentAndFillRow:   a_moment =
index 	  moment  
(0,0)	9.76562500e-04
(1,0)	0.00000000e+00
(2,0)	7.94728597e-08
(3,0)	0.00000000e+00
(0,1)	0.00000000e+00
(1,1)	0.00000000e+00
(2,1)	0.00000000e+00
(0,2)	7.94728597e-08
(1,2)	0.00000000e+00
(0,3)	0.00000000e+00
shiftMomentAndFillRow: shiftedMom =
index 	  moment  
(0,0)	9.76562500e-04
(1,0)	6.10351562e-05
(2,0)	3.89417013e-06
(3,0)	2.53319740e-07
(0,1)	9.15528120e-05
(1,1)	5.72205075e-06
(2,1)	3.65078759e-07
(0,2)	8.66255626e-06
(1,2)	5.41409766e-07
(0,3)	8.27016512e-07
shiftMomentAndFillRow: amat leaving = 
matrix size = 16 x 10
 1.000e+00  6.250e-02  3.988e-03  2.594e-04  9.375e-02  5.859e-03  3.738e-04  8.870e-03  5.544e-04  8.469e-04 
index 	  moment  
(0,0)	9.76562500e-04
(1,0)	0.00000000e+00
(2,0)	7.94728597e-08
(3,0)	0.00000000e+00
(0,1)	0.00000000e+00
(1,1)	0.00000000e+00
(2,1)	0.00000000e+00
(0,2)	7.94728597e-08
(1,2)	0.00000000e+00
(0,3)	0.00000000e+00
shiftMomentAndFillRow: a_currentRow = 15
shiftMomentAndFillRow: a_distance   = (9.37500000e-02,9.37500795e-02)
shiftMomentAndFillRow: input mat row: 
matrix size = 16 x 10
 0.000e+00  0.000e+00  0.000e+00  0.000e+00  0.000e+00  0.000e+00  0.000e+00  0.000e+00  0.000e+00  0.000e+00 
shiftMomentAndFillRow:   a_moment =
index 	  moment  
(0,0)	9.76562500e-04
(1,0)	0.00000000e+00
(2,0)	7.94728597e-08
(3,0)	0.00000000e+00
(0,1)	0.00000000e+00
(1,1)	0.00000000e+00
(2,1)	0.00000000e+00
(0,2)	7.94728597e-08
(1,2)	0.00000000e+00
(0,3)	0.00000000e+00
shiftMomentAndFillRow: shiftedMom =
index 	  moment  
(0,0)	9.76562500e-04
(1,0)	9.15527344e-05
(2,0)	8.66254171e-06
(3,0)	8.27014446e-07
(0,1)	9.15528120e-05
(1,1)	8.58307612e-06
(2,1)	8.12113974e-07
(0,2)	8.66255626e-06
(1,2)	8.12114649e-07
(0,3)	8.27016512e-07
shiftMomentAndFillRow: amat leaving = 
matrix size = 16 x 10
 1.000e+00  9.375e-02  8.870e-03  8.469e-04  9.375e-02  8.789e-03  8.316e-04  8.870e-03  8.316e-04  8.469e-04 
Weight matrix: 
matrix size = 16 x 16
 1.000e+00  0.000e+00  0.000e+00  0.000e+00  0.000e+00  0.000e+00  0.000e+00  0.000e+00  0.000e+00  0.000e+00  0.000e+00  0.000e+00  0.000e+00  0.000e+00  0.000e+00  0.000e+00 
 0.000e+00  5.000e-01  0.000e+00  0.000e+00  0.000e+00  0.000e+00  0.000e+00  0.000e+00  0.000e+00  0.000e+00  0.000e+00  0.000e+00  0.000e+00  0.000e+00  0.000e+00  0.000e+00 
 0.000e+00  0.000e+00  3.333e-01  0.000e+00  0.000e+00  0.000e+00  0.000e+00  0.000e+00  0.000e+00  0.000e+00  0.000e+00  0.000e+00  0.000e+00  0.000e+00  0.000e+00  0.000e+00 
 0.000e+00  0.000e+00  0.000e+00  2.500e-01  0.000e+00  0.000e+00  0.000e+00  0.000e+00  0.000e+00  0.000e+00  0.000e+00  0.000e+00  0.000e+00  0.000e+00  0.000e+00  0.000e+00 
 0.000e+00  0.000e+00  0.000e+00  0.000e+00  5.000e-01  0.000e+00  0.000e+00  0.000e+00  0.000e+00  0.000e+00  0.000e+00  0.000e+00  0.000e+00  0.000e+00  0.000e+00  0.000e+00 
 0.000e+00  0.000e+00  0.000e+00  0.000e+00  0.000e+00  3.333e-01  0.000e+00  0.000e+00  0.000e+00  0.000e+00  0.000e+00  0.000e+00  0.000e+00  0.000e+00  0.000e+00  0.000e+00 
 0.000e+00  0.000e+00  0.000e+00  0.000e+00  0.000e+00  0.000e+00  2.500e-01  0.000e+00  0.000e+00  0.000e+00  0.000e+00  0.000e+00  0.000e+00  0.000e+00  0.000e+00  0.000e+00 
 0.000e+00  0.000e+00  0.000e+00  0.000e+00  0.000e+00  0.000e+00  0.000e+00  2.000e-01  0.000e+00  0.000e+00  0.000e+00  0.000e+00  0.000e+00  0.000e+00  0.000e+00  0.000e+00 
 0.000e+00  0.000e+00  0.000e+00  0.000e+00  0.000e+00  0.000e+00  0.000e+00  0.000e+00  3.333e-01  0.000e+00  0.000e+00  0.000e+00  0.000e+00  0.000e+00  0.000e+00  0.000e+00 
 0.000e+00  0.000e+00  0.000e+00  0.000e+00  0.000e+00  0.000e+00  0.000e+00  0.000e+00  0.000e+00  2.500e-01  0.000e+00  0.000e+00  0.000e+00  0.000e+00  0.000e+00  0.000e+00 
 0.000e+00  0.000e+00  0.000e+00  0.000e+00  0.000e+00  0.000e+00  0.000e+00  0.000e+00  0.000e+00  0.000e+00  2.000e-01  0.000e+00  0.000e+00  0.000e+00  0.000e+00  0.000e+00 
 0.000e+00  0.000e+00  0.000e+00  0.000e+00  0.000e+00  0.000e+00  0.000e+00  0.000e+00  0.000e+00  0.000e+00  0.000e+00  1.667e-01  0.000e+00  0.000e+00  0.000e+00  0.000e+00 
 0.000e+00  0.000e+00  0.000e+00  0.000e+00  0.000e+00  0.000e+00  0.000e+00  0.000e+00  0.000e+00  0.000e+00  0.000e+00  0.000e+00  2.500e-01  0.000e+00  0.000e+00  0.000e+00 
 0.000e+00  0.000e+00  0.000e+00  0.000e+00  0.000e+00  0.000e+00  0.000e+00  0.000e+00  0.000e+00  0.000e+00  0.000e+00  0.000e+00  0.000e+00  2.000e-01  0.000e+00  0.000e+00 
 0.000e+00  0.000e+00  0.000e+00  0.000e+00  0.000e+00  0.000e+00  0.000e+00  0.000e+00  0.000e+00  0.000e+00  0.000e+00  0.000e+00  0.000e+00  0.000e+00  1.667e-01  0.000e+00 
 0.000e+00  0.000e+00  0.000e+00  0.000e+00  0.000e+00  0.000e+00  0.000e+00  0.000e+00  0.000e+00  0.000e+00  0.000e+00  0.000e+00  0.000e+00  0.000e+00  0.000e+00  1.429e-01 
Moment matrix: 
matrix size = 16 x 10
 1.000e+00  0.000e+00  8.138e-05  0.000e+00  7.947e-08  0.000e+00  6.468e-12  8.138e-05  0.000e+00  1.940e-11 
 1.000e+00  3.125e-02  1.058e-03  3.815e-05  7.947e-08  2.484e-09  8.408e-11  8.138e-05  2.543e-06  1.940e-11 
 1.000e+00  6.250e-02  3.988e-03  2.594e-04  7.947e-08  4.967e-09  3.169e-10  8.138e-05  5.086e-06  1.940e-11 
 1.000e+00  9.375e-02  8.870e-03  8.469e-04  7.947e-08  7.451e-09  7.050e-10  8.138e-05  7.629e-06  1.940e-11 
 1.000e+00  0.000e+00  8.138e-05  0.000e+00  3.125e-02  0.000e+00  2.543e-06  1.058e-03  0.000e+00  3.815e-05 
 1.000e+00  3.125e-02  1.058e-03  3.815e-05  3.125e-02  9.766e-04  3.306e-05  1.058e-03  3.306e-05  3.815e-05 
 1.000e+00  6.250e-02  3.988e-03  2.594e-04  3.125e-02  1.953e-03  1.246e-04  1.058e-03  6.612e-05  3.815e-05 
 1.000e+00  9.375e-02  8.870e-03  8.469e-04  3.125e-02  2.930e-03  2.772e-04  1.058e-03  9.918e-05  3.815e-05 
 1.000e+00  0.000e+00  8.138e-05  0.000e+00  6.250e-02  0.000e+00  5.086e-06  3.988e-03  0.000e+00  2.594e-04 
 1.000e+00  3.125e-02  1.058e-03  3.815e-05  6.250e-02  1.953e-03  6.612e-05  3.988e-03  1.246e-04  2.594e-04 
 1.000e+00  6.250e-02  3.988e-03  2.594e-04  6.250e-02  3.906e-03  2.492e-04  3.988e-03  2.492e-04  2.594e-04 
 1.000e+00  9.375e-02  8.870e-03  8.469e-04  6.250e-02  5.859e-03  5.544e-04  3.988e-03  3.738e-04  2.594e-04 
 1.000e+00  0.000e+00  8.138e-05  0.000e+00  9.375e-02  0.000e+00  7.629e-06  8.870e-03  0.000e+00  8.469e-04 
 1.000e+00  3.125e-02  1.058e-03  3.815e-05  9.375e-02  2.930e-03  9.918e-05  8.870e-03  2.772e-04  8.469e-04 
 1.000e+00  6.250e-02  3.988e-03  2.594e-04  9.375e-02  5.859e-03  3.738e-04  8.870e-03  5.544e-04  8.469e-04 
 1.000e+00  9.375e-02  8.870e-03  8.469e-04  9.375e-02  8.789e-03  8.316e-04  8.870e-03  8.316e-04  8.469e-04 
WM   matrix: 
matrix size = 16 x 10
 1.000e+00  0.000e+00  8.138e-05  0.000e+00  7.947e-08  0.000e+00  6.468e-12  8.138e-05  0.000e+00  1.940e-11 
 5.000e-01  1.562e-02  5.290e-04  1.907e-05  3.974e-08  1.242e-09  4.204e-11  4.069e-05  1.272e-06  9.701e-12 
 3.333e-01  2.083e-02  1.329e-03  8.647e-05  2.649e-08  1.656e-09  1.056e-10  2.713e-05  1.695e-06  6.468e-12 
 2.500e-01  2.344e-02  2.218e-03  2.117e-04  1.987e-08  1.863e-09  1.762e-10  2.035e-05  1.907e-06  4.851e-12 
 5.000e-01  0.000e+00  4.069e-05  0.000e+00  1.563e-02  0.000e+00  1.272e-06  5.290e-04  0.000e+00  1.907e-05 
 3.333e-01  1.042e-02  3.526e-04  1.272e-05  1.042e-02  3.255e-04  1.102e-05  3.526e-04  1.102e-05  1.272e-05 
 2.500e-01  1.562e-02  9.969e-04  6.485e-05  7.813e-03  4.883e-04  3.115e-05  2.645e-04  1.653e-05  9.537e-06 
 2.000e-01  1.875e-02  1.774e-03  1.694e-04  6.250e-03  5.859e-04  5.544e-05  2.116e-04  1.984e-05  7.629e-06 
 3.333e-01  0.000e+00  2.713e-05  0.000e+00  2.083e-02  0.000e+00  1.695e-06  1.329e-03  0.000e+00  8.647e-05 
 2.500e-01  7.812e-03  2.645e-04  9.537e-06  1.563e-02  4.883e-04  1.653e-05  9.969e-04  3.115e-05  6.485e-05 
 2.000e-01  1.250e-02  7.975e-04  5.188e-05  1.250e-02  7.813e-04  4.985e-05  7.975e-04  4.985e-05  5.188e-05 
 1.667e-01  1.562e-02  1.478e-03  1.411e-04  1.042e-02  9.766e-04  9.240e-05  6.646e-04  6.231e-05  4.323e-05 
 2.500e-01  0.000e+00  2.035e-05  0.000e+00  2.344e-02  0.000e+00  1.907e-06  2.218e-03  0.000e+00  2.117e-04 
 2.000e-01  6.250e-03  2.116e-04  7.629e-06  1.875e-02  5.859e-04  1.984e-05  1.774e-03  5.544e-05  1.694e-04 
 1.667e-01  1.042e-02  6.646e-04  4.323e-05  1.563e-02  9.766e-04  6.231e-05  1.478e-03  9.240e-05  1.411e-04 
 1.429e-01  1.339e-02  1.267e-03  1.210e-04  1.339e-02  1.256e-03  1.188e-04  1.267e-03  1.188e-04  1.210e-04 
WM^T matrix: 
matrix size = 10 x 16
 1.000e+00  5.000e-01  3.333e-01  2.500e-01  5.000e-01  3.333e-01  2.500e-01  2.000e-01  3.333e-01  2.500e-01  2.000e-01  1.667e-01  2.500e-01  2.000e-01  1.667e-01  1.429e-01 
 0.000e+00  1.562e-02  2.083e-02  2.344e-02  0.000e+00  1.042e-02  1.562e-02  1.875e-02  0.000e+00  7.812e-03  1.250e-02  1.562e-02  0.000e+00  6.250e-03  1.042e-02  1.339e-02 
 8.138e-05  5.290e-04  1.329e-03  2.218e-03  4.069e-05  3.526e-04  9.969e-04  1.774e-03  2.713e-05  2.645e-04  7.975e-04  1.478e-03  2.035e-05  2.116e-04  6.646e-04  1.267e-03 
 0.000e+00  1.907e-05  8.647e-05  2.117e-04  0.000e+00  1.272e-05  6.485e-05  1.694e-04  0.000e+00  9.537e-06  5.188e-05  1.411e-04  0.000e+00  7.629e-06  4.323e-05  1.210e-04 
 7.947e-08  3.974e-08  2.649e-08  1.987e-08  1.563e-02  1.042e-02  7.813e-03  6.250e-03  2.083e-02  1.563e-02  1.250e-02  1.042e-02  2.344e-02  1.875e-02  1.563e-02  1.339e-02 
 0.000e+00  1.242e-09  1.656e-09  1.863e-09  0.000e+00  3.255e-04  4.883e-04  5.859e-04  0.000e+00  4.883e-04  7.813e-04  9.766e-04  0.000e+00  5.859e-04  9.766e-04  1.256e-03 
 6.468e-12  4.204e-11  1.056e-10  1.762e-10  1.272e-06  1.102e-05  3.115e-05  5.544e-05  1.695e-06  1.653e-05  4.985e-05  9.240e-05  1.907e-06  1.984e-05  6.231e-05  1.188e-04 
 8.138e-05  4.069e-05  2.713e-05  2.035e-05  5.290e-04  3.526e-04  2.645e-04  2.116e-04  1.329e-03  9.969e-04  7.975e-04  6.646e-04  2.218e-03  1.774e-03  1.478e-03  1.267e-03 
 0.000e+00  1.272e-06  1.695e-06  1.907e-06  0.000e+00  1.102e-05  1.653e-05  1.984e-05  0.000e+00  3.115e-05  4.985e-05  6.231e-05  0.000e+00  5.544e-05  9.240e-05  1.188e-04 
 1.940e-11  9.701e-12  6.468e-12  4.851e-12  1.907e-05  1.272e-05  9.537e-06  7.629e-06  8.647e-05  6.485e-05  5.188e-05  4.323e-05  2.117e-04  1.694e-04  1.411e-04  1.210e-04 
A matrix: 
matrix size = 10 x 10
 2.279e+00  4.370e-02  2.906e-03  2.079e-04  4.370e-02  1.248e-03  8.505e-05  2.906e-03  8.505e-05  2.079e-04 
 4.370e-02  2.720e-03  2.008e-04  1.643e-05  1.248e-03  8.150e-05  6.201e-06  8.505e-05  5.585e-06  6.404e-06 
 2.906e-03  2.008e-04  1.622e-05  1.400e-06  8.505e-05  6.201e-06  5.103e-07  5.821e-06  4.265e-07  4.404e-07 
 2.079e-04  1.643e-05  1.400e-06  1.250e-07  6.404e-06  5.167e-07  4.455e-08  4.403e-07  3.561e-08  3.352e-08 
 4.370e-02  1.248e-03  8.505e-05  6.404e-06  2.720e-03  8.150e-05  5.585e-06  2.008e-04  6.201e-06  1.643e-05 
 1.248e-03  8.150e-05  6.201e-06  5.167e-07  8.150e-05  5.364e-06  4.102e-07  6.201e-06  4.102e-07  5.167e-07 
 8.505e-05  6.201e-06  5.103e-07  4.455e-08  5.585e-06  4.102e-07  3.386e-08  4.265e-07  3.146e-08  3.561e-08 
 2.906e-03  8.505e-05  5.821e-06  4.403e-07  2.008e-04  6.201e-06  4.265e-07  1.622e-05  5.103e-07  1.400e-06 
 8.505e-05  5.585e-06  4.265e-07  3.561e-08  6.201e-06  4.102e-07  3.146e-08  5.103e-07  3.386e-08  4.455e-08 
 2.079e-04  6.404e-06  4.404e-07  3.352e-08  1.643e-05  5.167e-07  3.561e-08  1.400e-06  4.455e-08  1.250e-07 
10 matrix eigenvalues: 
(0): 2.280982695467451e+00
(1): 2.307024086123980e-03
(2): 1.481075460760327e-03
(3): 1.988111778466171e-06
(4): 1.315375115504454e-06
(5): 1.202572779245450e-06
(6): 1.439457988902541e-09
(7): 1.181646002953885e-09
(8): 5.062229032081775e-10
(9): 5.060790683734786e-10
10 matrix eigenvalues: 
(0): 2.280982695467451e+00
(1): 2.307024086123980e-03
(2): 1.481075460760327e-03
(3): 1.988111778466171e-06
(4): 1.315375115504454e-06
(5): 1.202572779245450e-06
(6): 1.439457988902541e-09
(7): 1.181646002953885e-09
(8): 5.062229032081775e-10
(9): 5.060790683734786e-10
10 matrix eigenvalues: 
(0): 2.744326149735098e+00
(1): 3.021145526823857e-03
(2): 2.192266749052259e-03
(3): 4.728439861344773e-06
(4): 2.933649682661816e-06
(5): 1.647978571946774e-06
(6): 6.212976939677490e-09
(7): 4.331543613308703e-09
(8): 2.149876395391026e-09
(9): 6.412621375037821e-10
10 matrix eigenvalues: 
(0): 2.985660775976321e+00
(1): 4.074348025138471e-03
(2): 2.598221742536963e-03
(3): 1.117758913853313e-05
(4): 4.285045694946621e-06
(5): 1.874804739845358e-06
(6): 1.919495398423559e-08
(7): 1.110726356967892e-08
(8): 3.181957154303001e-09
(9): 7.243122419363713e-10
10 matrix eigenvalues: 
(0): 3.136423842662702e+00
(1): 5.445227653168401e-03
(2): 2.806621735078263e-03
(3): 2.131056002873034e-05
(4): 5.879299637761232e-06
(5): 2.016945004664659e-06
(6): 5.108456532103169e-08
(7): 2.195161022772917e-08
(8): 4.387913037671566e-09
(9): 7.797839705770377e-10
10 matrix eigenvalues: 
(0): 3.136423842662702e+00
(1): 5.445227653168401e-03
(2): 2.806621735078263e-03
(3): 2.131056002873034e-05
(4): 5.879299637761232e-06
(5): 2.016945004664659e-06
(6): 5.108456532103169e-08
(7): 2.195161022772917e-08
(8): 4.387913037671566e-09
(9): 7.797839705770377e-10
10 matrix eigenvalues: 
(0): 3.136423842662702e+00
(1): 5.445227653168401e-03
(2): 2.806621735078263e-03
(3): 2.131056002873034e-05
(4): 5.879299637761232e-06
(5): 2.016945004664659e-06
(6): 5.108456532103169e-08
(7): 2.195161022772917e-08
(8): 4.387913037671566e-09
(9): 7.797839705770377e-10
10 matrix eigenvalues: 
(0): 3.136423842662702e+00
(1): 5.445227653168401e-03
(2): 2.806621735078263e-03
(3): 2.131056002873034e-05
(4): 5.879299637761232e-06
(5): 2.016945004664659e-06
(6): 5.108456532103169e-08
(7): 2.195161022772917e-08
(8): 4.387913037671566e-09
(9): 7.797839705770377e-10
10 matrix eigenvalues: 
(0): 3.136423842662702e+00
(1): 5.445227653168401e-03
(2): 2.806621735078263e-03
(3): 2.131056002873034e-05
(4): 5.879299637761232e-06
(5): 2.016945004664659e-06
(6): 5.108456532103169e-08
(7): 2.195161022772917e-08
(8): 4.387913037671566e-09
(9): 7.797839705770377e-10
10 matrix eigenvalues: 
(0): 3.136423842662702e+00
(1): 5.445227653168401e-03
(2): 2.806621735078263e-03
(3): 2.131056002873034e-05
(4): 5.879299637761232e-06
(5): 2.016945004664659e-06
(6): 5.108456532103169e-08
(7): 2.195161022772917e-08
(8): 4.387913037671566e-09
(9): 7.797839705770377e-10
10 matrix eigenvalues: 
(0): 3.136423842662702e+00
(1): 5.445227653168401e-03
(2): 2.806621735078263e-03
(3): 2.131056002873034e-05
(4): 5.879299637761232e-06
(5): 2.016945004664659e-06
(6): 5.108456532103169e-08
(7): 2.195161022772917e-08
(8): 4.387913037671566e-09
(9): 7.797839705770377e-10
10 matrix eigenvalues: 
(0): 3.136423842662702e+00
(1): 5.445227653168401e-03
(2): 2.806621735078263e-03
(3): 2.131056002873034e-05
(4): 5.879299637761232e-06
(5): 2.016945004664659e-06
(6): 5.108456532103169e-08
(7): 2.195161022772917e-08
(8): 4.387913037671566e-09
(9): 7.797839705770377e-10
10 matrix eigenvalues: 
(0): 3.136423842662702e+00
(1): 5.445227653168401e-03
(2): 2.806621735078263e-03
(3): 2.131056002873034e-05
(4): 5.879299637761232e-06
(5): 2.016945004664659e-06
(6): 5.108456532103169e-08
(7): 2.195161022772917e-08
(8): 4.387913037671566e-09
(9): 7.797839705770377e-10
10 matrix eigenvalues: 
(0): 3.136423842662702e+00
(1): 5.445227653168401e-03
(2): 2.806621735078263e-03
(3): 2.131056002873034e-05
(4): 5.879299637761232e-06
(5): 2.016945004664659e-06
(6): 5.108456532103169e-08
(7): 2.195161022772917e-08
(8): 4.387913037671566e-09
(9): 7.797839705770377e-10
10 matrix eigenvalues: 
(0): 3.136423842662702e+00
(1): 5.445227653168401e-03
(2): 2.806621735078263e-03
(3): 2.131056002873034e-05
(4): 5.879299637761232e-06
(5): 2.016945004664659e-06
(6): 5.108456532103169e-08
(7): 2.195161022772917e-08
(8): 4.387913037671566e-09
(9): 7.797839705770377e-10
10 matrix eigenvalues: 
(0): 3.136423842662702e+00
(1): 5.445227653168401e-03
(2): 2.806621735078263e-03
(3): 2.131056002873034e-05
(4): 5.879299637761232e-06
(5): 2.016945004664659e-06
(6): 5.108456532103169e-08
(7): 2.195161022772917e-08
(8): 4.387913037671566e-09
(9): 7.797839705770377e-10
10 matrix eigenvalues: 
(0): 3.136423842662702e+00
(1): 5.445227653168401e-03
(2): 2.806621735078263e-03
(3): 2.131056002873034e-05
(4): 5.879299637761232e-06
(5): 2.016945004664659e-06
(6): 5.108456532103169e-08
(7): 2.195161022772917e-08
(8): 4.387913037671566e-09
(9): 7.797839705770377e-10
10 matrix eigenvalues: 
(0): 3.136423842662702e+00
(1): 5.445227653168401e-03
(2): 2.806621735078263e-03
(3): 2.131056002873034e-05
(4): 5.879299637761232e-06
(5): 2.016945004664659e-06
(6): 5.108456532103169e-08
(7): 2.195161022772917e-08
(8): 4.387913037671566e-09
(9): 7.797839705770377e-10
10 matrix eigenvalues: 
(0): 3.136423842662702e+00
(1): 5.445227653168401e-03
(2): 2.806621735078263e-03
(3): 2.131056002873034e-05
(4): 5.879299637761232e-06
(5): 2.016945004664659e-06
(6): 5.108456532103169e-08
(7): 2.195161022772917e-08
(8): 4.387913037671566e-09
(9): 7.797839705770377e-10
10 matrix eigenvalues: 
(0): 3.136423842662702e+00
(1): 5.445227653168401e-03
(2): 2.806621735078263e-03
(3): 2.131056002873034e-05
(4): 5.879299637761232e-06
(5): 2.016945004664659e-06
(6): 5.108456532103169e-08
(7): 2.195161022772917e-08
(8): 4.387913037671566e-09
(9): 7.797839705770377e-10
10 matrix eigenvalues: 
(0): 3.136423842662702e+00
(1): 5.445227653168401e-03
(2): 2.806621735078263e-03
(3): 2.131056002873034e-05
(4): 5.879299637761232e-06
(5): 2.016945004664659e-06
(6): 5.108456532103169e-08
(7): 2.195161022772917e-08
(8): 4.387913037671566e-09
(9): 7.797839705770377e-10
10 matrix eigenvalues: 
(0): 3.136423842662702e+00
(1): 5.445227653168401e-03
(2): 2.806621735078263e-03
(3): 2.131056002873034e-05
(4): 5.879299637761232e-06
(5): 2.016945004664659e-06
(6): 5.108456532103169e-08
(7): 2.195161022772917e-08
(8): 4.387913037671566e-09
(9): 7.797839705770377e-10
10 matrix eigenvalues: 
(0): 3.136423842662702e+00
(1): 5.445227653168401e-03
(2): 2.806621735078263e-03
(3): 2.131056002873034e-05
(4): 5.879299637761232e-06
(5): 2.016945004664659e-06
(6): 5.108456532103169e-08
(7): 2.195161022772917e-08
(8): 4.387913037671566e-09
(9): 7.797839705770377e-10
10 matrix eigenvalues: 
(0): 3.136423842662702e+00
(1): 5.445227653168401e-03
(2): 2.806621735078263e-03
(3): 2.131056002873034e-05
(4): 5.879299637761232e-06
(5): 2.016945004664659e-06
(6): 5.108456532103169e-08
(7): 2.195161022772917e-08
(8): 4.387913037671566e-09
(9): 7.797839705770377e-10
10 matrix eigenvalues: 
(0): 3.136423842662702e+00
(1): 5.445227653168401e-03
(2): 2.806621735078263e-03
(3): 2.131056002873034e-05
(4): 5.879299637761232e-06
(5): 2.016945004664659e-06
(6): 5.108456532103169e-08
(7): 2.195161022772917e-08
(8): 4.387913037671566e-09
(9): 7.797839705770377e-10
10 matrix eigenvalues: 
(0): 3.136423842662702e+00
(1): 5.445227653168401e-03
(2): 2.806621735078263e-03
(3): 2.131056002873034e-05
(4): 5.879299637761232e-06
(5): 2.016945004664659e-06
(6): 5.108456532103169e-08
(7): 2.195161022772917e-08
(8): 4.387913037671566e-09
(9): 7.797839705770377e-10
10 matrix eigenvalues: 
(0): 3.136423842662702e+00
(1): 5.445227653168401e-03
(2): 2.806621735078263e-03
(3): 2.131056002873034e-05
(4): 5.879299637761232e-06
(5): 2.016945004664659e-06
(6): 5.108456532103169e-08
(7): 2.195161022772917e-08
(8): 4.387913037671566e-09
(9): 7.797839705770377e-10
10 matrix eigenvalues: 
(0): 3.136423842662702e+00
(1): 5.445227653168401e-03
(2): 2.806621735078263e-03
(3): 2.131056002873034e-05
(4): 5.879299637761232e-06
(5): 2.016945004664659e-06
(6): 5.108456532103169e-08
(7): 2.195161022772917e-08
(8): 4.387913037671566e-09
(9): 7.797839705770377e-10
10 matrix eigenvalues: 
(0): 3.136423842662702e+00
(1): 5.445227653168401e-03
(2): 2.806621735078263e-03
(3): 2.131056002873034e-05
(4): 5.879299637761232e-06
(5): 2.016945004664659e-06
(6): 5.108456532103169e-08
(7): 2.195161022772917e-08
(8): 4.387913037671566e-09
(9): 7.797839705770377e-10
10 matrix eigenvalues: 
(0): 3.136423842662702e+00
(1): 5.445227653168401e-03
(2): 2.806621735078263e-03
(3): 2.131056002873034e-05
(4): 5.879299637761232e-06
(5): 2.016945004664659e-06
(6): 5.108456532103169e-08
(7): 2.195161022772917e-08
(8): 4.387913037671566e-09
(9): 7.797839705770377e-10
10 matrix eigenvalues: 
(0): 2.985660775976321e+00
(1): 4.074348025138470e-03
(2): 2.598221742536964e-03
(3): 1.117758913853313e-05
(4): 4.285045694946622e-06
(5): 1.874804739845374e-06
(6): 1.919495398423557e-08
(7): 1.110726356967890e-08
(8): 3.181957154302994e-09
(9): 7.243122419363479e-10
10 matrix eigenvalues: 
(0): 2.744326149735098e+00
(1): 3.021145526823855e-03
(2): 2.192266749052257e-03
(3): 4.728439861344781e-06
(4): 2.933649682661815e-06
(5): 1.647978571946769e-06
(6): 6.212976939677533e-09
(7): 4.331543613308724e-09
(8): 2.149876395391018e-09
(9): 6.412621375036916e-10
10 matrix eigenvalues: 
(0): 2.280982695467451e+00
(1): 2.307024086123980e-03
(2): 1.481075460760327e-03
(3): 1.988111778466169e-06
(4): 1.315375115504453e-06
(5): 1.202572779245448e-06
(6): 1.439457988902522e-09
(7): 1.181646002953887e-09
(8): 5.062229032081875e-10
(9): 5.060790683735205e-10
10 matrix eigenvalues: 
(0): 2.744326145650988e+00
(1): 3.021145545038086e-03
(2): 2.192266716326010e-03
(3): 4.728439935746671e-06
(4): 2.933649662453519e-06
(5): 1.647978515190923e-06
