Running test for polynomial order = 4
eigen inverse test
A = 
matrix size = 4 x 4
 1.000e+00  2.000e+00  3.000e+00  4.000e+00 
 5.000e+00 -6.000e+00  7.000e+00  8.000e+00 
 9.000e+00  1.000e+01  1.100e+01  1.200e+01 
 1.300e+01  1.400e+01  1.500e+01 -1.600e+01 

Ainv = 
matrix size = 4 x 4
-7.161e-01  4.167e-02  1.901e-01 -1.563e-02 
 4.167e-02 -8.333e-02  4.167e-02  4.266e-18 
 5.651e-01  4.167e-02 -1.536e-01  4.688e-02 
-1.562e-02  3.740e-18  4.687e-02 -3.125e-02 

A * Ainv = 
matrix size = 4 x 4
 1.000e+00 -2.667e-17 -2.776e-17  0.000e+00 
-4.857e-16  1.000e+00  1.110e-16 -5.551e-17 
-6.939e-18  8.652e-17  1.000e+00  0.000e+00 
-6.939e-16 -7.373e-17 -1.110e-16  1.000e+00 

nx = 32
max_grid = 32
Cell merging is turned ON.
making grids
all regular geometry
defining geometry in EB land
maximum (non covered) volume fraction for grids[0] = 1.000e+00
minimum (non covered) volume fraction for grids[0] = 1.000e+00
maximum volume fraction overall = 1.000e+00
minimum volume fraction overall = 1.000e+00
SubVolVec: ientry = 0
volume :((0 ,0 )), volmom = 
index 	  moment  
(0,0)	9.76562500e-04
(1,0)	0.00000000e+00
(2,0)	7.94728597e-08
(3,0)	0.00000000e+00
(4,0)	1.16415322e-11
(0,1)	0.00000000e+00
(1,1)	0.00000000e+00
(2,1)	0.00000000e+00
(3,1)	0.00000000e+00
(0,2)	7.94728597e-08
(1,2)	0.00000000e+00
(2,2)	6.46751788e-12
(0,3)	0.00000000e+00
(1,3)	0.00000000e+00
(0,4)	1.16415322e-11
index 	  moment  
(0,0)	9.76562500e-04
(1,0)	0.00000000e+00
(2,0)	7.94728597e-08
(3,0)	0.00000000e+00
(4,0)	1.16415322e-11
(0,1)	0.00000000e+00
(1,1)	0.00000000e+00
(2,1)	0.00000000e+00
(3,1)	0.00000000e+00
(0,2)	7.94728597e-08
(1,2)	0.00000000e+00
(2,2)	6.46751788e-12
(0,3)	0.00000000e+00
(1,3)	0.00000000e+00
(0,4)	1.16415322e-11
shiftMomentAndFillRow: a_currentRow = 0
shiftMomentAndFillRow: a_distance   = (0.00000000e+00,7.94728597e-08)
shiftMomentAndFillRow: input mat row: 
matrix size = 16 x 15
 0.000e+00  0.000e+00  0.000e+00  0.000e+00  0.000e+00  0.000e+00  0.000e+00  0.000e+00  0.000e+00  0.000e+00  0.000e+00  0.000e+00  0.000e+00  0.000e+00  0.000e+00 
shiftMomentAndFillRow:   a_moment =
index 	  moment  
(0,0)	9.76562500e-04
(1,0)	0.00000000e+00
(2,0)	7.94728597e-08
(3,0)	0.00000000e+00
(4,0)	1.16415322e-11
(0,1)	0.00000000e+00
(1,1)	0.00000000e+00
(2,1)	0.00000000e+00
(3,1)	0.00000000e+00
(0,2)	7.94728597e-08
(1,2)	0.00000000e+00
(2,2)	6.46751788e-12
(0,3)	0.00000000e+00
(1,3)	0.00000000e+00
(0,4)	1.16415322e-11
shiftMomentAndFillRow: shiftedMom =
index 	  moment  
(0,0)	9.76562500e-04
(1,0)	0.00000000e+00
(2,0)	7.94728597e-08
(3,0)	0.00000000e+00
(4,0)	1.16415322e-11
(0,1)	7.76102146e-11
(1,1)	0.00000000e+00
(2,1)	6.31593543e-15
(3,1)	0.00000000e+00
(0,2)	7.94728597e-08
(1,2)	0.00000000e+00
(2,2)	6.46751788e-12
(0,3)	1.89478063e-14
(1,3)	0.00000000e+00
(0,4)	1.16415322e-11
shiftMomentAndFillRow: amat leaving = 
matrix size = 16 x 15
 1.000e+00  0.000e+00  8.138e-05  0.000e+00  1.192e-08  7.947e-08  0.000e+00  6.468e-12  0.000e+00  8.138e-05  0.000e+00  6.623e-09  1.940e-11  0.000e+00  1.192e-08 
index 	  moment  
(0,0)	9.76562500e-04
(1,0)	0.00000000e+00
(2,0)	7.94728597e-08
(3,0)	0.00000000e+00
(4,0)	1.16415322e-11
(0,1)	0.00000000e+00
(1,1)	0.00000000e+00
(2,1)	0.00000000e+00
(3,1)	0.00000000e+00
(0,2)	7.94728597e-08
(1,2)	0.00000000e+00
(2,2)	6.46751788e-12
(0,3)	0.00000000e+00
(1,3)	0.00000000e+00
(0,4)	1.16415322e-11
shiftMomentAndFillRow: a_currentRow = 1
shiftMomentAndFillRow: a_distance   = (3.12500000e-02,7.94728597e-08)
shiftMomentAndFillRow: input mat row: 
matrix size = 16 x 15
 0.000e+00  0.000e+00  0.000e+00  0.000e+00  0.000e+00  0.000e+00  0.000e+00  0.000e+00  0.000e+00  0.000e+00  0.000e+00  0.000e+00  0.000e+00  0.000e+00  0.000e+00 
shiftMomentAndFillRow:   a_moment =
index 	  moment  
(0,0)	9.76562500e-04
(1,0)	0.00000000e+00
(2,0)	7.94728597e-08
(3,0)	0.00000000e+00
(4,0)	1.16415322e-11
(0,1)	0.00000000e+00
(1,1)	0.00000000e+00
(2,1)	0.00000000e+00
(3,1)	0.00000000e+00
(0,2)	7.94728597e-08
(1,2)	0.00000000e+00
(2,2)	6.46751788e-12
(0,3)	0.00000000e+00
(1,3)	0.00000000e+00
(0,4)	1.16415322e-11
shiftMomentAndFillRow: shiftedMom =
index 	  moment  
(0,0)	9.76562500e-04
(1,0)	3.05175781e-05
(2,0)	1.03314718e-06
(3,0)	3.72529030e-08
(4,0)	1.40862539e-09
(0,1)	7.76102146e-11
(1,1)	2.42531920e-12
(2,1)	8.21071606e-14
(3,1)	2.96059473e-15
(0,2)	7.94728597e-08
(1,2)	2.48352687e-09
(2,2)	8.40777324e-11
(0,3)	1.89478063e-14
(1,3)	5.92118946e-16
(0,4)	1.16415322e-11
shiftMomentAndFillRow: amat leaving = 
matrix size = 16 x 15
 1.000e+00  3.125e-02  1.058e-03  3.815e-05  1.442e-06  7.947e-08  2.484e-09  8.408e-11  3.032e-12  8.138e-05  2.543e-06  8.610e-08  1.940e-11  6.063e-13  1.192e-08 
index 	  moment  
(0,0)	9.76562500e-04
(1,0)	0.00000000e+00
(2,0)	7.94728597e-08
(3,0)	0.00000000e+00
(4,0)	1.16415322e-11
(0,1)	0.00000000e+00
(1,1)	0.00000000e+00
(2,1)	0.00000000e+00
(3,1)	0.00000000e+00
(0,2)	7.94728597e-08
(1,2)	0.00000000e+00
(2,2)	6.46751788e-12
(0,3)	0.00000000e+00
(1,3)	0.00000000e+00
(0,4)	1.16415322e-11
shiftMomentAndFillRow: a_currentRow = 2
shiftMomentAndFillRow: a_distance   = (6.25000000e-02,7.94728597e-08)
shiftMomentAndFillRow: input mat row: 
matrix size = 16 x 15
 0.000e+00  0.000e+00  0.000e+00  0.000e+00  0.000e+00  0.000e+00  0.000e+00  0.000e+00  0.000e+00  0.000e+00  0.000e+00  0.000e+00  0.000e+00  0.000e+00  0.000e+00 
shiftMomentAndFillRow:   a_moment =
index 	  moment  
(0,0)	9.76562500e-04
(1,0)	0.00000000e+00
(2,0)	7.94728597e-08
(3,0)	0.00000000e+00
(4,0)	1.16415322e-11
(0,1)	0.00000000e+00
(1,1)	0.00000000e+00
(2,1)	0.00000000e+00
(3,1)	0.00000000e+00
(0,2)	7.94728597e-08
(1,2)	0.00000000e+00
(2,2)	6.46751788e-12
(0,3)	0.00000000e+00
(1,3)	0.00000000e+00
(0,4)	1.16415322e-11
shiftMomentAndFillRow: shiftedMom =
index 	  moment  
(0,0)	9.76562500e-04
(1,0)	6.10351562e-05
(2,0)	3.89417013e-06
(3,0)	2.53319740e-07
(4,0)	1.67754479e-08
(0,1)	7.76102146e-11
(1,1)	4.85063841e-12
(2,1)	3.09480836e-13
(3,1)	2.01320442e-14
(0,2)	7.94728597e-08
(1,2)	4.96705373e-09
(2,2)	3.16908376e-10
(0,3)	1.89478063e-14
(1,3)	1.18423789e-15
(0,4)	1.16415322e-11
shiftMomentAndFillRow: amat leaving = 
matrix size = 16 x 15
 1.000e+00  6.250e-02  3.988e-03  2.594e-04  1.718e-05  7.947e-08  4.967e-09  3.169e-10  2.062e-11  8.138e-05  5.086e-06  3.245e-07  1.940e-11  1.213e-12  1.192e-08 
index 	  moment  
(0,0)	9.76562500e-04
(1,0)	0.00000000e+00
(2,0)	7.94728597e-08
(3,0)	0.00000000e+00
(4,0)	1.16415322e-11
(0,1)	0.00000000e+00
(1,1)	0.00000000e+00
(2,1)	0.00000000e+00
(3,1)	0.00000000e+00
(0,2)	7.94728597e-08
(1,2)	0.00000000e+00
(2,2)	6.46751788e-12
(0,3)	0.00000000e+00
(1,3)	0.00000000e+00
(0,4)	1.16415322e-11
shiftMomentAndFillRow: a_currentRow = 3
shiftMomentAndFillRow: a_distance   = (9.37500000e-02,7.94728597e-08)
shiftMomentAndFillRow: input mat row: 
matrix size = 16 x 15
 0.000e+00  0.000e+00  0.000e+00  0.000e+00  0.000e+00  0.000e+00  0.000e+00  0.000e+00  0.000e+00  0.000e+00  0.000e+00  0.000e+00  0.000e+00  0.000e+00  0.000e+00 
shiftMomentAndFillRow:   a_moment =
index 	  moment  
(0,0)	9.76562500e-04
(1,0)	0.00000000e+00
(2,0)	7.94728597e-08
(3,0)	0.00000000e+00
(4,0)	1.16415322e-11
(0,1)	0.00000000e+00
(1,1)	0.00000000e+00
(2,1)	0.00000000e+00
(3,1)	0.00000000e+00
(0,2)	7.94728597e-08
(1,2)	0.00000000e+00
(2,2)	6.46751788e-12
(0,3)	0.00000000e+00
(1,3)	0.00000000e+00
(0,4)	1.16415322e-11
shiftMomentAndFillRow: shiftedMom =
index 	  moment  
(0,0)	9.76562500e-04
(1,0)	9.15527344e-05
(2,0)	8.66254171e-06
(3,0)	8.27014446e-07
(4,0)	7.96397217e-08
(0,1)	7.76102146e-11
(1,1)	7.27595761e-12
(2,1)	6.88436962e-13
(3,1)	6.57252031e-14
(0,2)	7.94728597e-08
(1,2)	7.45058060e-09
(2,2)	7.04959449e-10
(0,3)	1.89478063e-14
(1,3)	1.77635684e-15
(0,4)	1.16415322e-11
shiftMomentAndFillRow: amat leaving = 
matrix size = 16 x 15
 1.000e+00  9.375e-02  8.870e-03  8.469e-04  8.155e-05  7.947e-08  7.451e-09  7.050e-10  6.730e-11  8.138e-05  7.629e-06  7.219e-07  1.940e-11  1.819e-12  1.192e-08 
index 	  moment  
(0,0)	9.76562500e-04
(1,0)	0.00000000e+00
(2,0)	7.94728597e-08
(3,0)	0.00000000e+00
(4,0)	1.16415322e-11
(0,1)	0.00000000e+00
(1,1)	0.00000000e+00
(2,1)	0.00000000e+00
(3,1)	0.00000000e+00
(0,2)	7.94728597e-08
(1,2)	0.00000000e+00
(2,2)	6.46751788e-12
(0,3)	0.00000000e+00
(1,3)	0.00000000e+00
(0,4)	1.16415322e-11
shiftMomentAndFillRow: a_currentRow = 4
shiftMomentAndFillRow: a_distance   = (0.00000000e+00,3.12500795e-02)
shiftMomentAndFillRow: input mat row: 
matrix size = 16 x 15
 0.000e+00  0.000e+00  0.000e+00  0.000e+00  0.000e+00  0.000e+00  0.000e+00  0.000e+00  0.000e+00  0.000e+00  0.000e+00  0.000e+00  0.000e+00  0.000e+00  0.000e+00 
shiftMomentAndFillRow:   a_moment =
index 	  moment  
(0,0)	9.76562500e-04
(1,0)	0.00000000e+00
(2,0)	7.94728597e-08
(3,0)	0.00000000e+00
(4,0)	1.16415322e-11
(0,1)	0.00000000e+00
(1,1)	0.00000000e+00
(2,1)	0.00000000e+00
(3,1)	0.00000000e+00
(0,2)	7.94728597e-08
(1,2)	0.00000000e+00
(2,2)	6.46751788e-12
(0,3)	0.00000000e+00
(1,3)	0.00000000e+00
(0,4)	1.16415322e-11
shiftMomentAndFillRow: shiftedMom =
index 	  moment  
(0,0)	9.76562500e-04
(1,0)	0.00000000e+00
(2,0)	7.94728597e-08
(3,0)	0.00000000e+00
(4,0)	1.16415322e-11
(0,1)	3.05176557e-05
(1,1)	0.00000000e+00
(2,1)	2.48353318e-09
(3,1)	0.00000000e+00
(0,2)	1.03315203e-06
(1,2)	0.00000000e+00
(2,2)	8.40781272e-11
(0,3)	3.72531493e-08
(1,3)	0.00000000e+00
(0,4)	1.40863724e-09
shiftMomentAndFillRow: amat leaving = 
matrix size = 16 x 15
 1.000e+00  0.000e+00  8.138e-05  0.000e+00  1.192e-08  3.125e-02  0.000e+00  2.543e-06  0.000e+00  1.058e-03  0.000e+00  8.610e-08  3.815e-05  0.000e+00  1.442e-06 
index 	  moment  
(0,0)	9.76562500e-04
(1,0)	0.00000000e+00
(2,0)	7.94728597e-08
(3,0)	0.00000000e+00
(4,0)	1.16415322e-11
(0,1)	0.00000000e+00
(1,1)	0.00000000e+00
(2,1)	0.00000000e+00
(3,1)	0.00000000e+00
(0,2)	7.94728597e-08
(1,2)	0.00000000e+00
(2,2)	6.46751788e-12
(0,3)	0.00000000e+00
(1,3)	0.00000000e+00
(0,4)	1.16415322e-11
shiftMomentAndFillRow: a_currentRow = 5
shiftMomentAndFillRow: a_distance   = (3.12500000e-02,3.12500795e-02)
shiftMomentAndFillRow: input mat row: 
matrix size = 16 x 15
 0.000e+00  0.000e+00  0.000e+00  0.000e+00  0.000e+00  0.000e+00  0.000e+00  0.000e+00  0.000e+00  0.000e+00  0.000e+00  0.000e+00  0.000e+00  0.000e+00  0.000e+00 
shiftMomentAndFillRow:   a_moment =
index 	  moment  
(0,0)	9.76562500e-04
(1,0)	0.00000000e+00
(2,0)	7.94728597e-08
(3,0)	0.00000000e+00
(4,0)	1.16415322e-11
(0,1)	0.00000000e+00
(1,1)	0.00000000e+00
(2,1)	0.00000000e+00
(3,1)	0.00000000e+00
(0,2)	7.94728597e-08
(1,2)	0.00000000e+00
(2,2)	6.46751788e-12
(0,3)	0.00000000e+00
(1,3)	0.00000000e+00
(0,4)	1.16415322e-11
shiftMomentAndFillRow: shiftedMom =
index 	  moment  
(0,0)	9.76562500e-04
(1,0)	3.05175781e-05
(2,0)	1.03314718e-06
(3,0)	3.72529030e-08
(4,0)	1.40862539e-09
(0,1)	3.05176557e-05
(1,1)	9.53676742e-07
(2,1)	3.22859314e-08
(3,1)	1.16415618e-09
(0,2)	1.03315203e-06
(1,2)	3.22860008e-08
(2,2)	1.09301565e-09
(0,3)	3.72531493e-08
(1,3)	1.16416092e-09
(0,4)	1.40863724e-09
shiftMomentAndFillRow: amat leaving = 
matrix size = 16 x 15
 1.000e+00  3.125e-02  1.058e-03  3.815e-05  1.442e-06  3.125e-02  9.766e-04  3.306e-05  1.192e-06  1.058e-03  3.306e-05  1.119e-06  3.815e-05  1.192e-06  1.442e-06 
index 	  moment  
(0,0)	9.76562500e-04
(1,0)	0.00000000e+00
(2,0)	7.94728597e-08
(3,0)	0.00000000e+00
(4,0)	1.16415322e-11
(0,1)	0.00000000e+00
(1,1)	0.00000000e+00
(2,1)	0.00000000e+00
(3,1)	0.00000000e+00
(0,2)	7.94728597e-08
(1,2)	0.00000000e+00
(2,2)	6.46751788e-12
(0,3)	0.00000000e+00
(1,3)	0.00000000e+00
(0,4)	1.16415322e-11
shiftMomentAndFillRow: a_currentRow = 6
shiftMomentAndFillRow: a_distance   = (6.25000000e-02,3.12500795e-02)
shiftMomentAndFillRow: input mat row: 
matrix size = 16 x 15
 0.000e+00  0.000e+00  0.000e+00  0.000e+00  0.000e+00  0.000e+00  0.000e+00  0.000e+00  0.000e+00  0.000e+00  0.000e+00  0.000e+00  0.000e+00  0.000e+00  0.000e+00 
shiftMomentAndFillRow:   a_moment =
index 	  moment  
(0,0)	9.76562500e-04
(1,0)	0.00000000e+00
(2,0)	7.94728597e-08
(3,0)	0.00000000e+00
(4,0)	1.16415322e-11
(0,1)	0.00000000e+00
(1,1)	0.00000000e+00
(2,1)	0.00000000e+00
(3,1)	0.00000000e+00
(0,2)	7.94728597e-08
(1,2)	0.00000000e+00
(2,2)	6.46751788e-12
(0,3)	0.00000000e+00
(1,3)	0.00000000e+00
(0,4)	1.16415322e-11
shiftMomentAndFillRow: shiftedMom =
index 	  moment  
(0,0)	9.76562500e-04
(1,0)	6.10351562e-05
(2,0)	3.89417013e-06
(3,0)	2.53319740e-07
(4,0)	1.67754479e-08
(0,1)	3.05176557e-05
(1,1)	1.90735348e-06
(2,1)	1.21693126e-07
(3,1)	7.91626202e-09
(0,2)	1.03315203e-06
(1,2)	6.45720017e-08
(2,2)	4.11982823e-09
(0,3)	3.72531493e-08
(1,3)	2.32832183e-09
(0,4)	1.40863724e-09
shiftMomentAndFillRow: amat leaving = 
matrix size = 16 x 15
 1.000e+00  6.250e-02  3.988e-03  2.594e-04  1.718e-05  3.125e-02  1.953e-03  1.246e-04  8.106e-06  1.058e-03  6.612e-05  4.219e-06  3.815e-05  2.384e-06  1.442e-06 
index 	  moment  
(0,0)	9.76562500e-04
(1,0)	0.00000000e+00
(2,0)	7.94728597e-08
(3,0)	0.00000000e+00
(4,0)	1.16415322e-11
(0,1)	0.00000000e+00
(1,1)	0.00000000e+00
(2,1)	0.00000000e+00
(3,1)	0.00000000e+00
(0,2)	7.94728597e-08
(1,2)	0.00000000e+00
(2,2)	6.46751788e-12
(0,3)	0.00000000e+00
(1,3)	0.00000000e+00
(0,4)	1.16415322e-11
shiftMomentAndFillRow: a_currentRow = 7
shiftMomentAndFillRow: a_distance   = (9.37500000e-02,3.12500795e-02)
shiftMomentAndFillRow: input mat row: 
matrix size = 16 x 15
 0.000e+00  0.000e+00  0.000e+00  0.000e+00  0.000e+00  0.000e+00  0.000e+00  0.000e+00  0.000e+00  0.000e+00  0.000e+00  0.000e+00  0.000e+00  0.000e+00  0.000e+00 
shiftMomentAndFillRow:   a_moment =
index 	  moment  
(0,0)	9.76562500e-04
(1,0)	0.00000000e+00
(2,0)	7.94728597e-08
(3,0)	0.00000000e+00
(4,0)	1.16415322e-11
(0,1)	0.00000000e+00
(1,1)	0.00000000e+00
(2,1)	0.00000000e+00
(3,1)	0.00000000e+00
(0,2)	7.94728597e-08
(1,2)	0.00000000e+00
(2,2)	6.46751788e-12
(0,3)	0.00000000e+00
(1,3)	0.00000000e+00
(0,4)	1.16415322e-11
shiftMomentAndFillRow: shiftedMom =
index 	  moment  
(0,0)	9.76562500e-04
(1,0)	9.15527344e-05
(2,0)	8.66254171e-06
(3,0)	8.27014446e-07
(4,0)	7.96397217e-08
(0,1)	3.05176557e-05
(1,1)	2.86103023e-06
(2,1)	2.70705117e-07
(3,1)	2.58442672e-08
(0,2)	1.03315203e-06
(1,2)	9.68580025e-08
(2,2)	9.16451586e-09
(0,3)	3.72531493e-08
(1,3)	3.49248275e-09
(0,4)	1.40863724e-09
shiftMomentAndFillRow: amat leaving = 
matrix size = 16 x 15
 1.000e+00  9.375e-02  8.870e-03  8.469e-04  8.155e-05  3.125e-02  2.930e-03  2.772e-04  2.646e-05  1.058e-03  9.918e-05  9.384e-06  3.815e-05  3.576e-06  1.442e-06 
index 	  moment  
(0,0)	9.76562500e-04
(1,0)	0.00000000e+00
(2,0)	7.94728597e-08
(3,0)	0.00000000e+00
(4,0)	1.16415322e-11
(0,1)	0.00000000e+00
(1,1)	0.00000000e+00
(2,1)	0.00000000e+00
(3,1)	0.00000000e+00
(0,2)	7.94728597e-08
(1,2)	0.00000000e+00
(2,2)	6.46751788e-12
(0,3)	0.00000000e+00
(1,3)	0.00000000e+00
(0,4)	1.16415322e-11
shiftMomentAndFillRow: a_currentRow = 8
shiftMomentAndFillRow: a_distance   = (0.00000000e+00,6.25000795e-02)
shiftMomentAndFillRow: input mat row: 
matrix size = 16 x 15
 0.000e+00  0.000e+00  0.000e+00  0.000e+00  0.000e+00  0.000e+00  0.000e+00  0.000e+00  0.000e+00  0.000e+00  0.000e+00  0.000e+00  0.000e+00  0.000e+00  0.000e+00 
shiftMomentAndFillRow:   a_moment =
index 	  moment  
(0,0)	9.76562500e-04
(1,0)	0.00000000e+00
(2,0)	7.94728597e-08
(3,0)	0.00000000e+00
(4,0)	1.16415322e-11
(0,1)	0.00000000e+00
(1,1)	0.00000000e+00
(2,1)	0.00000000e+00
(3,1)	0.00000000e+00
(0,2)	7.94728597e-08
(1,2)	0.00000000e+00
(2,2)	6.46751788e-12
(0,3)	0.00000000e+00
(1,3)	0.00000000e+00
(0,4)	1.16415322e-11
shiftMomentAndFillRow: shiftedMom =
index 	  moment  
(0,0)	9.76562500e-04
(1,0)	0.00000000e+00
(2,0)	7.94728597e-08
(3,0)	0.00000000e+00
(4,0)	1.16415322e-11
(0,1)	6.10352339e-05
(1,1)	0.00000000e+00
(2,1)	4.96706005e-09
(3,1)	0.00000000e+00
(0,2)	3.89417983e-06
(1,2)	0.00000000e+00
(2,2)	3.16909166e-10
(0,3)	2.53320669e-07
(1,3)	0.00000000e+00
(0,4)	1.67755284e-08
shiftMomentAndFillRow: amat leaving = 
matrix size = 16 x 15
 1.000e+00  0.000e+00  8.138e-05  0.000e+00  1.192e-08  6.250e-02  0.000e+00  5.086e-06  0.000e+00  3.988e-03  0.000e+00  3.245e-07  2.594e-04  0.000e+00  1.718e-05 
index 	  moment  
(0,0)	9.76562500e-04
(1,0)	0.00000000e+00
(2,0)	7.94728597e-08
(3,0)	0.00000000e+00
(4,0)	1.16415322e-11
(0,1)	0.00000000e+00
(1,1)	0.00000000e+00
(2,1)	0.00000000e+00
(3,1)	0.00000000e+00
(0,2)	7.94728597e-08
(1,2)	0.00000000e+00
(2,2)	6.46751788e-12
(0,3)	0.00000000e+00
(1,3)	0.00000000e+00
(0,4)	1.16415322e-11
shiftMomentAndFillRow: a_currentRow = 9
shiftMomentAndFillRow: a_distance   = (3.12500000e-02,6.25000795e-02)
shiftMomentAndFillRow: input mat row: 
matrix size = 16 x 15
 0.000e+00  0.000e+00  0.000e+00  0.000e+00  0.000e+00  0.000e+00  0.000e+00  0.000e+00  0.000e+00  0.000e+00  0.000e+00  0.000e+00  0.000e+00  0.000e+00  0.000e+00 
shiftMomentAndFillRow:   a_moment =
index 	  moment  
(0,0)	9.76562500e-04
(1,0)	0.00000000e+00
(2,0)	7.94728597e-08
(3,0)	0.00000000e+00
(4,0)	1.16415322e-11
(0,1)	0.00000000e+00
(1,1)	0.00000000e+00
(2,1)	0.00000000e+00
(3,1)	0.00000000e+00
(0,2)	7.94728597e-08
(1,2)	0.00000000e+00
(2,2)	6.46751788e-12
(0,3)	0.00000000e+00
(1,3)	0.00000000e+00
(0,4)	1.16415322e-11
shiftMomentAndFillRow: shiftedMom =
index 	  moment  
(0,0)	9.76562500e-04
(1,0)	3.05175781e-05
(2,0)	1.03314718e-06
(3,0)	3.72529030e-08
(4,0)	1.40862539e-09
(0,1)	6.10352339e-05
(1,1)	1.90735106e-06
(2,1)	6.45717806e-08
(3,1)	2.32830940e-09
(0,2)	3.89417983e-06
(1,2)	1.21693120e-07
(2,2)	4.11981915e-09
(0,3)	2.53320669e-07
(1,3)	7.91627090e-09
(0,4)	1.67755284e-08
shiftMomentAndFillRow: amat leaving = 
matrix size = 16 x 15
 1.000e+00  3.125e-02  1.058e-03  3.815e-05  1.442e-06  6.250e-02  1.953e-03  6.612e-05  2.384e-06  3.988e-03  1.246e-04  4.219e-06  2.594e-04  8.106e-06  1.718e-05 
index 	  moment  
(0,0)	9.76562500e-04
(1,0)	0.00000000e+00
(2,0)	7.94728597e-08
(3,0)	0.00000000e+00
(4,0)	1.16415322e-11
(0,1)	0.00000000e+00
(1,1)	0.00000000e+00
(2,1)	0.00000000e+00
(3,1)	0.00000000e+00
(0,2)	7.94728597e-08
(1,2)	0.00000000e+00
(2,2)	6.46751788e-12
(0,3)	0.00000000e+00
(1,3)	0.00000000e+00
(0,4)	1.16415322e-11
shiftMomentAndFillRow: a_currentRow = 10
shiftMomentAndFillRow: a_distance   = (6.25000000e-02,6.25000795e-02)
shiftMomentAndFillRow: input mat row: 
matrix size = 16 x 15
 0.000e+00  0.000e+00  0.000e+00  0.000e+00  0.000e+00  0.000e+00  0.000e+00  0.000e+00  0.000e+00  0.000e+00  0.000e+00  0.000e+00  0.000e+00  0.000e+00  0.000e+00 
shiftMomentAndFillRow:   a_moment =
index 	  moment  
(0,0)	9.76562500e-04
(1,0)	0.00000000e+00
(2,0)	7.94728597e-08
(3,0)	0.00000000e+00
(4,0)	1.16415322e-11
(0,1)	0.00000000e+00
(1,1)	0.00000000e+00
(2,1)	0.00000000e+00
(3,1)	0.00000000e+00
(0,2)	7.94728597e-08
(1,2)	0.00000000e+00
(2,2)	6.46751788e-12
(0,3)	0.00000000e+00
(1,3)	0.00000000e+00
(0,4)	1.16415322e-11
shiftMomentAndFillRow: shiftedMom =
index 	  moment  
(0,0)	9.76562500e-04
(1,0)	6.10351562e-05
(2,0)	3.89417013e-06
(3,0)	2.53319740e-07
(4,0)	1.67754479e-08
(0,1)	6.10352339e-05
(1,1)	3.81470212e-06
(2,1)	2.43385942e-07
(3,1)	1.58325039e-08
(0,2)	3.89417983e-06
(1,2)	2.43386239e-07
(2,2)	1.55285491e-08
(0,3)	2.53320669e-07
(1,3)	1.58325418e-08
(0,4)	1.67755284e-08
shiftMomentAndFillRow: amat leaving = 
matrix size = 16 x 15
 1.000e+00  6.250e-02  3.988e-03  2.594e-04  1.718e-05  6.250e-02  3.906e-03  2.492e-04  1.621e-05  3.988e-03  2.492e-04  1.590e-05  2.594e-04  1.621e-05  1.718e-05 
index 	  moment  
(0,0)	9.76562500e-04
(1,0)	0.00000000e+00
(2,0)	7.94728597e-08
(3,0)	0.00000000e+00
(4,0)	1.16415322e-11
(0,1)	0.00000000e+00
(1,1)	0.00000000e+00
(2,1)	0.00000000e+00
(3,1)	0.00000000e+00
(0,2)	7.94728597e-08
(1,2)	0.00000000e+00
(2,2)	6.46751788e-12
(0,3)	0.00000000e+00
(1,3)	0.00000000e+00
(0,4)	1.16415322e-11
shiftMomentAndFillRow: a_currentRow = 11
shiftMomentAndFillRow: a_distance   = (9.37500000e-02,6.25000795e-02)
shiftMomentAndFillRow: input mat row: 
matrix size = 16 x 15
 0.000e+00  0.000e+00  0.000e+00  0.000e+00  0.000e+00  0.000e+00  0.000e+00  0.000e+00  0.000e+00  0.000e+00  0.000e+00  0.000e+00  0.000e+00  0.000e+00  0.000e+00 
shiftMomentAndFillRow:   a_moment =
index 	  moment  
(0,0)	9.76562500e-04
(1,0)	0.00000000e+00
(2,0)	7.94728597e-08
(3,0)	0.00000000e+00
(4,0)	1.16415322e-11
(0,1)	0.00000000e+00
(1,1)	0.00000000e+00
(2,1)	0.00000000e+00
(3,1)	0.00000000e+00
(0,2)	7.94728597e-08
(1,2)	0.00000000e+00
(2,2)	6.46751788e-12
(0,3)	0.00000000e+00
(1,3)	0.00000000e+00
(0,4)	1.16415322e-11
shiftMomentAndFillRow: shiftedMom =
index 	  moment  
(0,0)	9.76562500e-04
(1,0)	9.15527344e-05
(2,0)	8.66254171e-06
(3,0)	8.27014446e-07
(4,0)	7.96397217e-08
(0,1)	6.10352339e-05
(1,1)	5.72205317e-06
(2,1)	5.41409545e-07
(3,1)	5.16884686e-08
(0,2)	3.89417983e-06
(1,2)	3.65079359e-07
(2,2)	3.45430990e-08
(0,3)	2.53320669e-07
(1,3)	2.37488127e-08
(0,4)	1.67755284e-08
shiftMomentAndFillRow: amat leaving = 
matrix size = 16 x 15
 1.000e+00  9.375e-02  8.870e-03  8.469e-04  8.155e-05  6.250e-02  5.859e-03  5.544e-04  5.293e-05  3.988e-03  3.738e-04  3.537e-05  2.594e-04  2.432e-05  1.718e-05 
index 	  moment  
(0,0)	9.76562500e-04
(1,0)	0.00000000e+00
(2,0)	7.94728597e-08
(3,0)	0.00000000e+00
(4,0)	1.16415322e-11
(0,1)	0.00000000e+00
(1,1)	0.00000000e+00
(2,1)	0.00000000e+00
(3,1)	0.00000000e+00
(0,2)	7.94728597e-08
(1,2)	0.00000000e+00
(2,2)	6.46751788e-12
(0,3)	0.00000000e+00
(1,3)	0.00000000e+00
(0,4)	1.16415322e-11
shiftMomentAndFillRow: a_currentRow = 12
shiftMomentAndFillRow: a_distance   = (0.00000000e+00,9.37500795e-02)
shiftMomentAndFillRow: input mat row: 
matrix size = 16 x 15
 0.000e+00  0.000e+00  0.000e+00  0.000e+00  0.000e+00  0.000e+00  0.000e+00  0.000e+00  0.000e+00  0.000e+00  0.000e+00  0.000e+00  0.000e+00  0.000e+00  0.000e+00 
shiftMomentAndFillRow:   a_moment =
index 	  moment  
(0,0)	9.76562500e-04
(1,0)	0.00000000e+00
(2,0)	7.94728597e-08
(3,0)	0.00000000e+00
(4,0)	1.16415322e-11
(0,1)	0.00000000e+00
(1,1)	0.00000000e+00
(2,1)	0.00000000e+00
(3,1)	0.00000000e+00
(0,2)	7.94728597e-08
(1,2)	0.00000000e+00
(2,2)	6.46751788e-12
(0,3)	0.00000000e+00
(1,3)	0.00000000e+00
(0,4)	1.16415322e-11
shiftMomentAndFillRow: shiftedMom =
index 	  moment  
(0,0)	9.76562500e-04
(1,0)	0.00000000e+00
(2,0)	7.94728597e-08
(3,0)	0.00000000e+00
(4,0)	1.16415322e-11
(0,1)	9.15528120e-05
(1,1)	0.00000000e+00
(2,1)	7.45058691e-09
(3,1)	0.00000000e+00
(0,2)	8.66255626e-06
(1,2)	0.00000000e+00
(2,2)	7.04960633e-10
(0,3)	8.27016512e-07
(1,3)	0.00000000e+00
(0,4)	7.96399846e-08
shiftMomentAndFillRow: amat leaving = 
matrix size = 16 x 15
 1.000e+00  0.000e+00  8.138e-05  0.000e+00  1.192e-08  9.375e-02  0.000e+00  7.629e-06  0.000e+00  8.870e-03  0.000e+00  7.219e-07  8.469e-04  0.000e+00  8.155e-05 
index 	  moment  
(0,0)	9.76562500e-04
(1,0)	0.00000000e+00
(2,0)	7.94728597e-08
(3,0)	0.00000000e+00
(4,0)	1.16415322e-11
(0,1)	0.00000000e+00
(1,1)	0.00000000e+00
(2,1)	0.00000000e+00
(3,1)	0.00000000e+00
(0,2)	7.94728597e-08
(1,2)	0.00000000e+00
(2,2)	6.46751788e-12
(0,3)	0.00000000e+00
(1,3)	0.00000000e+00
(0,4)	1.16415322e-11
shiftMomentAndFillRow: a_currentRow = 13
shiftMomentAndFillRow: a_distance   = (3.12500000e-02,9.37500795e-02)
shiftMomentAndFillRow: input mat row: 
matrix size = 16 x 15
 0.000e+00  0.000e+00  0.000e+00  0.000e+00  0.000e+00  0.000e+00  0.000e+00  0.000e+00  0.000e+00  0.000e+00  0.000e+00  0.000e+00  0.000e+00  0.000e+00  0.000e+00 
shiftMomentAndFillRow:   a_moment =
index 	  moment  
(0,0)	9.76562500e-04
(1,0)	0.00000000e+00
(2,0)	7.94728597e-08
(3,0)	0.00000000e+00
(4,0)	1.16415322e-11
(0,1)	0.00000000e+00
(1,1)	0.00000000e+00
(2,1)	0.00000000e+00
(3,1)	0.00000000e+00
(0,2)	7.94728597e-08
(1,2)	0.00000000e+00
(2,2)	6.46751788e-12
(0,3)	0.00000000e+00
(1,3)	0.00000000e+00
(0,4)	1.16415322e-11
shiftMomentAndFillRow: shiftedMom =
index 	  moment  
(0,0)	9.76562500e-04
(1,0)	3.05175781e-05
(2,0)	1.03314718e-06
(3,0)	3.72529030e-08
(4,0)	1.40862539e-09
(0,1)	9.15528120e-05
(1,1)	2.86102537e-06
(2,1)	9.68576299e-08
(3,1)	3.49246262e-09
(0,2)	8.66255626e-06
(1,2)	2.70704883e-07
(2,2)	9.16448823e-09
(0,3)	8.27016512e-07
(1,3)	2.58442660e-08
(0,4)	7.96399846e-08
shiftMomentAndFillRow: amat leaving = 
matrix size = 16 x 15
 1.000e+00  3.125e-02  1.058e-03  3.815e-05  1.442e-06  9.375e-02  2.930e-03  9.918e-05  3.576e-06  8.870e-03  2.772e-04  9.384e-06  8.469e-04  2.646e-05  8.155e-05 
index 	  moment  
(0,0)	9.76562500e-04
(1,0)	0.00000000e+00
(2,0)	7.94728597e-08
(3,0)	0.00000000e+00
(4,0)	1.16415322e-11
(0,1)	0.00000000e+00
(1,1)	0.00000000e+00
(2,1)	0.00000000e+00
(3,1)	0.00000000e+00
(0,2)	7.94728597e-08
(1,2)	0.00000000e+00
(2,2)	6.46751788e-12
(0,3)	0.00000000e+00
(1,3)	0.00000000e+00
(0,4)	1.16415322e-11
shiftMomentAndFillRow: a_currentRow = 14
shiftMomentAndFillRow: a_distance   = (6.25000000e-02,9.37500795e-02)
shiftMomentAndFillRow: input mat row: 
matrix size = 16 x 15
 0.000e+00  0.000e+00  0.000e+00  0.000e+00  0.000e+00  0.000e+00  0.000e+00  0.000e+00  0.000e+00  0.000e+00  0.000e+00  0.000e+00  0.000e+00  0.000e+00  0.000e+00 
shiftMomentAndFillRow:   a_moment =
index 	  moment  
(0,0)	9.76562500e-04
(1,0)	0.00000000e+00
(2,0)	7.94728597e-08
(3,0)	0.00000000e+00
(4,0)	1.16415322e-11
(0,1)	0.00000000e+00
(1,1)	0.00000000e+00
(2,1)	0.00000000e+00
(3,1)	0.00000000e+00
(0,2)	7.94728597e-08
(1,2)	0.00000000e+00
(2,2)	6.46751788e-12
(0,3)	0.00000000e+00
(1,3)	0.00000000e+00
(0,4)	1.16415322e-11
shiftMomentAndFillRow: shiftedMom =
index 	  moment  
(0,0)	9.76562500e-04
(1,0)	6.10351562e-05
(2,0)	3.89417013e-06
(3,0)	2.53319740e-07
(4,0)	1.67754479e-08
(0,1)	9.15528120e-05
(1,1)	5.72205075e-06
(2,1)	3.65078759e-07
(3,1)	2.37487458e-08
(0,2)	8.66255626e-06
(1,2)	5.41409766e-07
(2,2)	3.45430710e-08
(0,3)	8.27016512e-07
(1,3)	5.16885320e-08
(0,4)	7.96399846e-08
shiftMomentAndFillRow: amat leaving = 
matrix size = 16 x 15
 1.000e+00  6.250e-02  3.988e-03  2.594e-04  1.718e-05  9.375e-02  5.859e-03  3.738e-04  2.432e-05  8.870e-03  5.544e-04  3.537e-05  8.469e-04  5.293e-05  8.155e-05 
index 	  moment  
(0,0)	9.76562500e-04
(1,0)	0.00000000e+00
(2,0)	7.94728597e-08
(3,0)	0.00000000e+00
(4,0)	1.16415322e-11
(0,1)	0.00000000e+00
(1,1)	0.00000000e+00
(2,1)	0.00000000e+00
(3,1)	0.00000000e+00
(0,2)	7.94728597e-08
(1,2)	0.00000000e+00
(2,2)	6.46751788e-12
(0,3)	0.00000000e+00
(1,3)	0.00000000e+00
(0,4)	1.16415322e-11
shiftMomentAndFillRow: a_currentRow = 15
shiftMomentAndFillRow: a_distance   = (9.37500000e-02,9.37500795e-02)
shiftMomentAndFillRow: input mat row: 
matrix size = 16 x 15
 0.000e+00  0.000e+00  0.000e+00  0.000e+00  0.000e+00  0.000e+00  0.000e+00  0.000e+00  0.000e+00  0.000e+00  0.000e+00  0.000e+00  0.000e+00  0.000e+00  0.000e+00 
shiftMomentAndFillRow:   a_moment =
index 	  moment  
(0,0)	9.76562500e-04
(1,0)	0.00000000e+00
(2,0)	7.94728597e-08
(3,0)	0.00000000e+00
(4,0)	1.16415322e-11
(0,1)	0.00000000e+00
(1,1)	0.00000000e+00
(2,1)	0.00000000e+00
(3,1)	0.00000000e+00
(0,2)	7.94728597e-08
(1,2)	0.00000000e+00
(2,2)	6.46751788e-12
(0,3)	0.00000000e+00
(1,3)	0.00000000e+00
(0,4)	1.16415322e-11
shiftMomentAndFillRow: shiftedMom =
index 	  moment  
(0,0)	9.76562500e-04
(1,0)	9.15527344e-05
(2,0)	8.66254171e-06
(3,0)	8.27014446e-07
(4,0)	7.96397217e-08
(0,1)	9.15528120e-05
(1,1)	8.58307612e-06
(2,1)	8.12113974e-07
(3,1)	7.75326701e-08
(0,2)	8.66255626e-06
(1,2)	8.12114649e-07
(2,2)	7.68407090e-08
(0,3)	8.27016512e-07
(1,3)	7.75327980e-08
(0,4)	7.96399846e-08
shiftMomentAndFillRow: amat leaving = 
matrix size = 16 x 15
 1.000e+00  9.375e-02  8.870e-03  8.469e-04  8.155e-05  9.375e-02  8.789e-03  8.316e-04  7.939e-05  8.870e-03  8.316e-04  7.868e-05  8.469e-04  7.939e-05  8.155e-05 
Weight matrix: 
matrix size = 16 x 16
 1.000e+00  0.000e+00  0.000e+00  0.000e+00  0.000e+00  0.000e+00  0.000e+00  0.000e+00  0.000e+00  0.000e+00  0.000e+00  0.000e+00  0.000e+00  0.000e+00  0.000e+00  0.000e+00 
 0.000e+00  5.000e-01  0.000e+00  0.000e+00  0.000e+00  0.000e+00  0.000e+00  0.000e+00  0.000e+00  0.000e+00  0.000e+00  0.000e+00  0.000e+00  0.000e+00  0.000e+00  0.000e+00 
 0.000e+00  0.000e+00  3.333e-01  0.000e+00  0.000e+00  0.000e+00  0.000e+00  0.000e+00  0.000e+00  0.000e+00  0.000e+00  0.000e+00  0.000e+00  0.000e+00  0.000e+00  0.000e+00 
 0.000e+00  0.000e+00  0.000e+00  2.500e-01  0.000e+00  0.000e+00  0.000e+00  0.000e+00  0.000e+00  0.000e+00  0.000e+00  0.000e+00  0.000e+00  0.000e+00  0.000e+00  0.000e+00 
 0.000e+00  0.000e+00  0.000e+00  0.000e+00  5.000e-01  0.000e+00  0.000e+00  0.000e+00  0.000e+00  0.000e+00  0.000e+00  0.000e+00  0.000e+00  0.000e+00  0.000e+00  0.000e+00 
 0.000e+00  0.000e+00  0.000e+00  0.000e+00  0.000e+00  3.333e-01  0.000e+00  0.000e+00  0.000e+00  0.000e+00  0.000e+00  0.000e+00  0.000e+00  0.000e+00  0.000e+00  0.000e+00 
 0.000e+00  0.000e+00  0.000e+00  0.000e+00  0.000e+00  0.000e+00  2.500e-01  0.000e+00  0.000e+00  0.000e+00  0.000e+00  0.000e+00  0.000e+00  0.000e+00  0.000e+00  0.000e+00 
 0.000e+00  0.000e+00  0.000e+00  0.000e+00  0.000e+00  0.000e+00  0.000e+00  2.000e-01  0.000e+00  0.000e+00  0.000e+00  0.000e+00  0.000e+00  0.000e+00  0.000e+00  0.000e+00 
 0.000e+00  0.000e+00  0.000e+00  0.000e+00  0.000e+00  0.000e+00  0.000e+00  0.000e+00  3.333e-01  0.000e+00  0.000e+00  0.000e+00  0.000e+00  0.000e+00  0.000e+00  0.000e+00 
 0.000e+00  0.000e+00  0.000e+00  0.000e+00  0.000e+00  0.000e+00  0.000e+00  0.000e+00  0.000e+00  2.500e-01  0.000e+00  0.000e+00  0.000e+00  0.000e+00  0.000e+00  0.000e+00 
 0.000e+00  0.000e+00  0.000e+00  0.000e+00  0.000e+00  0.000e+00  0.000e+00  0.000e+00  0.000e+00  0.000e+00  2.000e-01  0.000e+00  0.000e+00  0.000e+00  0.000e+00  0.000e+00 
 0.000e+00  0.000e+00  0.000e+00  0.000e+00  0.000e+00  0.000e+00  0.000e+00  0.000e+00  0.000e+00  0.000e+00  0.000e+00  1.667e-01  0.000e+00  0.000e+00  0.000e+00  0.000e+00 
 0.000e+00  0.000e+00  0.000e+00  0.000e+00  0.000e+00  0.000e+00  0.000e+00  0.000e+00  0.000e+00  0.000e+00  0.000e+00  0.000e+00  2.500e-01  0.000e+00  0.000e+00  0.000e+00 
 0.000e+00  0.000e+00  0.000e+00  0.000e+00  0.000e+00  0.000e+00  0.000e+00  0.000e+00  0.000e+00  0.000e+00  0.000e+00  0.000e+00  0.000e+00  2.000e-01  0.000e+00  0.000e+00 
 0.000e+00  0.000e+00  0.000e+00  0.000e+00  0.000e+00  0.000e+00  0.000e+00  0.000e+00  0.000e+00  0.000e+00  0.000e+00  0.000e+00  0.000e+00  0.000e+00  1.667e-01  0.000e+00 
 0.000e+00  0.000e+00  0.000e+00  0.000e+00  0.000e+00  0.000e+00  0.000e+00  0.000e+00  0.000e+00  0.000e+00  0.000e+00  0.000e+00  0.000e+00  0.000e+00  0.000e+00  1.429e-01 
Moment matrix: 
matrix size = 16 x 15
 1.000e+00  0.000e+00  8.138e-05  0.000e+00  1.192e-08  7.947e-08  0.000e+00  6.468e-12  0.000e+00  8.138e-05  0.000e+00  6.623e-09  1.940e-11  0.000e+00  1.192e-08 
 1.000e+00  3.125e-02  1.058e-03  3.815e-05  1.442e-06  7.947e-08  2.484e-09  8.408e-11  3.032e-12  8.138e-05  2.543e-06  8.610e-08  1.940e-11  6.063e-13  1.192e-08 
 1.000e+00  6.250e-02  3.988e-03  2.594e-04  1.718e-05  7.947e-08  4.967e-09  3.169e-10  2.062e-11  8.138e-05  5.086e-06  3.245e-07  1.940e-11  1.213e-12  1.192e-08 
 1.000e+00  9.375e-02  8.870e-03  8.469e-04  8.155e-05  7.947e-08  7.451e-09  7.050e-10  6.730e-11  8.138e-05  7.629e-06  7.219e-07  1.940e-11  1.819e-12  1.192e-08 
 1.000e+00  0.000e+00  8.138e-05  0.000e+00  1.192e-08  3.125e-02  0.000e+00  2.543e-06  0.000e+00  1.058e-03  0.000e+00  8.610e-08  3.815e-05  0.000e+00  1.442e-06 
 1.000e+00  3.125e-02  1.058e-03  3.815e-05  1.442e-06  3.125e-02  9.766e-04  3.306e-05  1.192e-06  1.058e-03  3.306e-05  1.119e-06  3.815e-05  1.192e-06  1.442e-06 
 1.000e+00  6.250e-02  3.988e-03  2.594e-04  1.718e-05  3.125e-02  1.953e-03  1.246e-04  8.106e-06  1.058e-03  6.612e-05  4.219e-06  3.815e-05  2.384e-06  1.442e-06 
 1.000e+00  9.375e-02  8.870e-03  8.469e-04  8.155e-05  3.125e-02  2.930e-03  2.772e-04  2.646e-05  1.058e-03  9.918e-05  9.384e-06  3.815e-05  3.576e-06  1.442e-06 
 1.000e+00  0.000e+00  8.138e-05  0.000e+00  1.192e-08  6.250e-02  0.000e+00  5.086e-06  0.000e+00  3.988e-03  0.000e+00  3.245e-07  2.594e-04  0.000e+00  1.718e-05 
 1.000e+00  3.125e-02  1.058e-03  3.815e-05  1.442e-06  6.250e-02  1.953e-03  6.612e-05  2.384e-06  3.988e-03  1.246e-04  4.219e-06  2.594e-04  8.106e-06  1.718e-05 
 1.000e+00  6.250e-02  3.988e-03  2.594e-04  1.718e-05  6.250e-02  3.906e-03  2.492e-04  1.621e-05  3.988e-03  2.492e-04  1.590e-05  2.594e-04  1.621e-05  1.718e-05 
 1.000e+00  9.375e-02  8.870e-03  8.469e-04  8.155e-05  6.250e-02  5.859e-03  5.544e-04  5.293e-05  3.988e-03  3.738e-04  3.537e-05  2.594e-04  2.432e-05  1.718e-05 
 1.000e+00  0.000e+00  8.138e-05  0.000e+00  1.192e-08  9.375e-02  0.000e+00  7.629e-06  0.000e+00  8.870e-03  0.000e+00  7.219e-07  8.469e-04  0.000e+00  8.155e-05 
 1.000e+00  3.125e-02  1.058e-03  3.815e-05  1.442e-06  9.375e-02  2.930e-03  9.918e-05  3.576e-06  8.870e-03  2.772e-04  9.384e-06  8.469e-04  2.646e-05  8.155e-05 
 1.000e+00  6.250e-02  3.988e-03  2.594e-04  1.718e-05  9.375e-02  5.859e-03  3.738e-04  2.432e-05  8.870e-03  5.544e-04  3.537e-05  8.469e-04  5.293e-05  8.155e-05 
 1.000e+00  9.375e-02  8.870e-03  8.469e-04  8.155e-05  9.375e-02  8.789e-03  8.316e-04  7.939e-05  8.870e-03  8.316e-04  7.868e-05  8.469e-04  7.939e-05  8.155e-05 
WM   matrix: 
matrix size = 16 x 15
 1.000e+00  0.000e+00  8.138e-05  0.000e+00  1.192e-08  7.947e-08  0.000e+00  6.468e-12  0.000e+00  8.138e-05  0.000e+00  6.623e-09  1.940e-11  0.000e+00  1.192e-08 
 5.000e-01  1.562e-02  5.290e-04  1.907e-05  7.212e-07  3.974e-08  1.242e-09  4.204e-11  1.516e-12  4.069e-05  1.272e-06  4.305e-08  9.701e-12  3.032e-13  5.960e-09 
 3.333e-01  2.083e-02  1.329e-03  8.647e-05  5.726e-06  2.649e-08  1.656e-09  1.056e-10  6.872e-12  2.713e-05  1.695e-06  1.082e-07  6.468e-12  4.042e-13  3.974e-09 
 2.500e-01  2.344e-02  2.218e-03  2.117e-04  2.039e-05  1.987e-08  1.863e-09  1.762e-10  1.683e-11  2.035e-05  1.907e-06  1.805e-07  4.851e-12  4.547e-13  2.980e-09 
 5.000e-01  0.000e+00  4.069e-05  0.000e+00  5.960e-09  1.563e-02  0.000e+00  1.272e-06  0.000e+00  5.290e-04  0.000e+00  4.305e-08  1.907e-05  0.000e+00  7.212e-07 
 3.333e-01  1.042e-02  3.526e-04  1.272e-05  4.808e-07  1.042e-02  3.255e-04  1.102e-05  3.974e-07  3.526e-04  1.102e-05  3.731e-07  1.272e-05  3.974e-07  4.808e-07 
 2.500e-01  1.562e-02  9.969e-04  6.485e-05  4.295e-06  7.813e-03  4.883e-04  3.115e-05  2.027e-06  2.645e-04  1.653e-05  1.055e-06  9.537e-06  5.961e-07  3.606e-07 
 2.000e-01  1.875e-02  1.774e-03  1.694e-04  1.631e-05  6.250e-03  5.859e-04  5.544e-05  5.293e-06  2.116e-04  1.984e-05  1.877e-06  7.629e-06  7.153e-07  2.885e-07 
 3.333e-01  0.000e+00  2.713e-05  0.000e+00  3.974e-09  2.083e-02  0.000e+00  1.695e-06  0.000e+00  1.329e-03  0.000e+00  1.082e-07  8.647e-05  0.000e+00  5.726e-06 
 2.500e-01  7.812e-03  2.645e-04  9.537e-06  3.606e-07  1.563e-02  4.883e-04  1.653e-05  5.960e-07  9.969e-04  3.115e-05  1.055e-06  6.485e-05  2.027e-06  4.295e-06 
 2.000e-01  1.250e-02  7.975e-04  5.188e-05  3.436e-06  1.250e-02  7.813e-04  4.985e-05  3.242e-06  7.975e-04  4.985e-05  3.180e-06  5.188e-05  3.243e-06  3.436e-06 
 1.667e-01  1.562e-02  1.478e-03  1.411e-04  1.359e-05  1.042e-02  9.766e-04  9.240e-05  8.821e-06  6.646e-04  6.231e-05  5.895e-06  4.323e-05  4.053e-06  2.863e-06 
 2.500e-01  0.000e+00  2.035e-05  0.000e+00  2.980e-09  2.344e-02  0.000e+00  1.907e-06  0.000e+00  2.218e-03  0.000e+00  1.805e-07  2.117e-04  0.000e+00  2.039e-05 
 2.000e-01  6.250e-03  2.116e-04  7.629e-06  2.885e-07  1.875e-02  5.859e-04  1.984e-05  7.153e-07  1.774e-03  5.544e-05  1.877e-06  1.694e-04  5.293e-06  1.631e-05 
 1.667e-01  1.042e-02  6.646e-04  4.323e-05  2.863e-06  1.563e-02  9.766e-04  6.231e-05  4.053e-06  1.478e-03  9.240e-05  5.895e-06  1.411e-04  8.822e-06  1.359e-05 
 1.429e-01  1.339e-02  1.267e-03  1.210e-04  1.165e-05  1.339e-02  1.256e-03  1.188e-04  1.134e-05  1.267e-03  1.188e-04  1.124e-05  1.210e-04  1.134e-05  1.165e-05 
WM^T matrix: 
matrix size = 15 x 16
 1.000e+00  5.000e-01  3.333e-01  2.500e-01  5.000e-01  3.333e-01  2.500e-01  2.000e-01  3.333e-01  2.500e-01  2.000e-01  1.667e-01  2.500e-01  2.000e-01  1.667e-01  1.429e-01 
 0.000e+00  1.562e-02  2.083e-02  2.344e-02  0.000e+00  1.042e-02  1.562e-02  1.875e-02  0.000e+00  7.812e-03  1.250e-02  1.562e-02  0.000e+00  6.250e-03  1.042e-02  1.339e-02 
 8.138e-05  5.290e-04  1.329e-03  2.218e-03  4.069e-05  3.526e-04  9.969e-04  1.774e-03  2.713e-05  2.645e-04  7.975e-04  1.478e-03  2.035e-05  2.116e-04  6.646e-04  1.267e-03 
 0.000e+00  1.907e-05  8.647e-05  2.117e-04  0.000e+00  1.272e-05  6.485e-05  1.694e-04  0.000e+00  9.537e-06  5.188e-05  1.411e-04  0.000e+00  7.629e-06  4.323e-05  1.210e-04 
 1.192e-08  7.212e-07  5.726e-06  2.039e-05  5.960e-09  4.808e-07  4.295e-06  1.631e-05  3.974e-09  3.606e-07  3.436e-06  1.359e-05  2.980e-09  2.885e-07  2.863e-06  1.165e-05 
 7.947e-08  3.974e-08  2.649e-08  1.987e-08  1.563e-02  1.042e-02  7.813e-03  6.250e-03  2.083e-02  1.563e-02  1.250e-02  1.042e-02  2.344e-02  1.875e-02  1.563e-02  1.339e-02 
 0.000e+00  1.242e-09  1.656e-09  1.863e-09  0.000e+00  3.255e-04  4.883e-04  5.859e-04  0.000e+00  4.883e-04  7.813e-04  9.766e-04  0.000e+00  5.859e-04  9.766e-04  1.256e-03 
 6.468e-12  4.204e-11  1.056e-10  1.762e-10  1.272e-06  1.102e-05  3.115e-05  5.544e-05  1.695e-06  1.653e-05  4.985e-05  9.240e-05  1.907e-06  1.984e-05  6.231e-05  1.188e-04 
 0.000e+00  1.516e-12  6.872e-12  1.683e-11  0.000e+00  3.974e-07  2.027e-06  5.293e-06  0.000e+00  5.960e-07  3.242e-06  8.821e-06  0.000e+00  7.153e-07  4.053e-06  1.134e-05 
 8.138e-05  4.069e-05  2.713e-05  2.035e-05  5.290e-04  3.526e-04  2.645e-04  2.116e-04  1.329e-03  9.969e-04  7.975e-04  6.646e-04  2.218e-03  1.774e-03  1.478e-03  1.267e-03 
 0.000e+00  1.272e-06  1.695e-06  1.907e-06  0.000e+00  1.102e-05  1.653e-05  1.984e-05  0.000e+00  3.115e-05  4.985e-05  6.231e-05  0.000e+00  5.544e-05  9.240e-05  1.188e-04 
 6.623e-09  4.305e-08  1.082e-07  1.805e-07  4.305e-08  3.731e-07  1.055e-06  1.877e-06  1.082e-07  1.055e-06  3.180e-06  5.895e-06  1.805e-07  1.877e-06  5.895e-06  1.124e-05 
 1.940e-11  9.701e-12  6.468e-12  4.851e-12  1.907e-05  1.272e-05  9.537e-06  7.629e-06  8.647e-05  6.485e-05  5.188e-05  4.323e-05  2.117e-04  1.694e-04  1.411e-04  1.210e-04 
 0.000e+00  3.032e-13  4.042e-13  4.547e-13  0.000e+00  3.974e-07  5.961e-07  7.153e-07  0.000e+00  2.027e-06  3.243e-06  4.053e-06  0.000e+00  5.293e-06  8.822e-06  1.134e-05 
 1.192e-08  5.960e-09  3.974e-09  2.980e-09  7.212e-07  4.808e-07  3.606e-07  2.885e-07  5.726e-06  4.295e-06  3.436e-06  2.863e-06  2.039e-05  1.631e-05  1.359e-05  1.165e-05 
A matrix: 
matrix size = 15 x 15
 2.279e+00  4.370e-02  2.906e-03  2.079e-04  1.712e-05  4.370e-02  1.248e-03  8.505e-05  6.404e-06  2.906e-03  8.505e-05  5.821e-06  2.079e-04  6.404e-06  1.712e-05 
 4.370e-02  2.720e-03  2.008e-04  1.643e-05  1.432e-06  1.248e-03  8.150e-05  6.201e-06  5.167e-07  8.505e-05  5.585e-06  4.265e-07  6.404e-06  4.234e-07  5.371e-07 
 2.906e-03  2.008e-04  1.622e-05  1.400e-06  1.262e-07  8.505e-05  6.201e-06  5.103e-07  4.455e-08  5.821e-06  4.265e-07  3.518e-08  4.404e-07  3.247e-08  3.701e-08 
 2.079e-04  1.643e-05  1.400e-06  1.250e-07  1.151e-08  6.404e-06  5.167e-07  4.455e-08  4.005e-09  4.403e-07  3.561e-08  3.076e-09  3.352e-08  2.718e-09  2.824e-09 
 1.712e-05  1.432e-06  1.262e-07  1.151e-08  1.074e-09  5.371e-07  4.554e-08  4.045e-09  3.704e-10  3.701e-08  3.143e-09  2.795e-10  2.824e-09  2.403e-10  2.383e-10 
 4.370e-02  1.248e-03  8.505e-05  6.404e-06  5.371e-07  2.720e-03  8.150e-05  5.585e-06  4.234e-07  2.008e-04  6.201e-06  4.265e-07  1.643e-05  5.167e-07  1.432e-06 
 1.248e-03  8.150e-05  6.201e-06  5.167e-07  4.554e-08  8.150e-05  5.364e-06  4.102e-07  3.428e-08  6.201e-06  4.102e-07  3.146e-08  5.167e-07  3.428e-08  4.554e-08 
 8.505e-05  6.201e-06  5.103e-07  4.455e-08  4.045e-09  5.585e-06  4.102e-07  3.386e-08  2.962e-09  4.265e-07  3.146e-08  2.602e-09  3.561e-08  2.634e-09  3.143e-09 
