29 29
 9.9999918694e-01  1.3942666440e-04 -2.3200213785e-04  4.1293541527e-05  1.6330915671e-05  4.6125734229e-05 -3.3438908529e-04  2.2308231885e-04  8.4361144251e-05 -7.9208547788e-05 -2.0979212645e-04  3.4520049628e-04  3.7761805708e-04  8.5061060542e-05 -1.4600389395e-04 -7.9492178078e-05 -1.1837938347e-04 -5.6328778830e-05 -1.5686681412e-04 -2.9068773614e-04  3.1079652375e-07 -1.0513324460e-05  3.0304291413e-05  1.9064340548e-04  5.6876119399e-07 -1.9852059934e-05 -1.6170785999e-04  1.2798594224e-04  1.1614555092e-04 
 1.3942666428e-04  9.6163696002e-01  1.0183326575e-01  1.0486798632e-02  7.8973166449e-03 -3.4966285501e-03  5.5282485243e-02 -3.5065564142e-02 -1.7564506865e-02  5.8100465132e-03 -7.9321756403e-04 -6.6481717632e-02 -6.3888232831e-02 -2.7194008372e-02  3.5253901201e-03  8.0107475781e-03  5.1846809798e-02  3.6217975464e-02  2.8850922914e-02  3.2810613782e-02 -1.4898412794e-05 -6.2917121077e-04  2.9322947068e-02 -5.1941019295e-02 -2.9562759419e-04  2.0317294998e-02 -3.3905724539e-02 -3.3671675666e-02 -1.5077343366e-02 
-2.3200213768e-04  1.0183326575e-01  3.8605232740e-01  1.3009280100e-01 -3.3161040580e-02 -1.8152991640e-03 -7.5108754085e-02  2.4731500387e-01  1.1499728237e-01 -1.5931205284e-02  7.7153145440e-02 -2.9443498298e-02  3.9501361227e-02  2.0860314306e-02 -4.0286812345e-02  3.9092445919e-02 -1.2373376588e-02 -3.5643816915e-02 -4.5007383312e-02 -6.9826014617e-02  2.2196468823e-06  3.0638010371e-03 -6.0594550973e-02 -1.0963325684e-02  6.5330628751e-04 -6.5229610381e-02  2.9737683318e-01  9.4586588193e-02 -5.1060182246e-02 
 4.1293541520e-05  1.0486798632e-02  1.3009280100e-01  1.6515876253e-01  1.6878108300e-01 -5.0376677084e-03 -1.4247653862e-02  4.7837795486e-02  9.9577228335e-02  1.2164753803e-01  4.7063928016e-02  2.2580937387e-03 -2.8918715320e-02  7.5881420407e-03  4.4953863241e-02  2.4595394378e-02  4.1652871740e-03 -4.1267850604e-02 -3.9163996015e-02 -1.3003925230e-02 -7.9264876188e-05  3.0796932301e-03 -3.9158705686e-02 -9.0547285593e-03  3.4707561525e-04 -3.0442037204e-02  8.3104307336e-02  1.4445985762e-01  1.6012442962e-01 
 1.6330915532e-05  7.8973166449e-03 -3.3161040580e-02  1.6878108300e-01  2.7268624592e-01 -6.6264462332e-03  2.7180354349e-02 -7.9902664002e-02  7.8335383941e-02  1.9172790403e-01  2.3667699016e-02  1.7447564082e-02 -7.0650998800e-02 -2.7848680765e-03  9.1712603985e-02  1.3581191186e-02  1.6598276717e-02 -3.8106095884e-02 -2.9716672743e-02  2.4590903940e-02 -3.5943814450e-05  2.7156781540e-03 -2.0264752194e-02 -9.8099323533e-03  1.0738478617e-04 -4.9423673181e-03 -5.7386162880e-02  1.5683502436e-01  2.6928092798e-01 
 4.6125734236e-05 -3.4966285501e-03 -1.8152991640e-03 -5.0376677084e-03 -6.6264462332e-03  9.9555358490e-01  2.1501502441e-02 -1.9821884283e-02 -4.5223800348e-03  1.2341170372e-03  3.1231803817e-02 -2.3487382791e-02 -1.6084163351e-02  3.7931410349e-03  1.2318304651e-02  3.3392580586e-03 -9.3869323694e-03 -2.5180645341e-03  1.2200059249e-02  2.0724174478e-02 -3.0743464870e-05  1.5626429267e-03 -1.7863155049e-02  4.1640759948e-04  3.0527418567e-05 -3.6602677949e-03  2.1232955389e-02  2.1211946093e-03 -6.1920117400e-03 
-3.3438908536e-04  5.5282485243e-02 -7.5108754085e-02 -1.4247653862e-02  2.7180354349e-02  2.1501502441e-02  8.4252674642e-01  1.5214734673e-01 -2.8703305435e-03 -1.8255944411e-02 -1.1653235982e-01  2.0021381626e-01  1.0334734371e-01 -1.0496492354e-02 -4.7073674013e-02 -4.2098848228e-02 -4.5430422794e-02 -3.3348362435e-02 -6.2714195730e-02 -8.0449109811e-02  1.3131136713e-04 -5.1000789422e-03  2.5541535411e-02  8.5786463573e-02  2.1776014156e-04 -6.9327099269e-03 -6.5062595074e-02  2.1763405952e-02  6.5308402080e-02 
 2.2308231897e-04 -3.5065564141e-02  2.4731500387e-01  4.7837795486e-02 -7.9902664002e-02 -1.9821884283e-02  1.5214734673e-01  3.9342764929e-01  2.1466373210e-01  5.9712126927e-02  5.3111332286e-02 -2.1172435207e-02  1.2530229587e-01  1.3197183672e-01  6.7966061434e-02  3.3395694343e-02 -8.3721906159e-02 -6.5915400157e-02 -1.5097806932e-02 -4.1816632554e-03 -1.5941353036e-04  7.2778029289e-03 -5.5343234132e-02  3.6359283131e-02  2.4594133492e-04 -1.6599012260e-02  5.5570445237e-02 -7.8157098919e-02 -1.6357460538e-01 
 8.4361144275e-05 -1.7564506865e-02  1.1499728237e-01  9.9577228335e-02  7.8335383941e-02 -4.5223800348e-03 -2.8703305435e-03  2.1466373210e-01  2.1063560628e-01  1.7256031567e-01  6.5897082935e-02 -5.1314604974e-02  4.0512226273e-02  1.1909817944e-01  1.4023833775e-01  3.6799803845e-02 -5.3894778539e-02 -6.2734849744e-02  3.8213295070e-04  5.3425174825e-02 -5.6129717311e-05  2.3750545201e-03 -4.8798988476e-02  1.0423123186e-02  1.2871456027e-05  5.5806106594e-03 -6.2975369331e-02 -2.6893564096e-02 -8.0089197319e-03 
-7.9208547866e-05  5.8100465131e-03 -1.5931205284e-02  1.2164753803e-01  1.9172790403e-01  1.2341170372e-03 -1.8255944411e-02  5.9712126928e-02  1.7256031567e-01  2.2949625912e-01  5.0175779806e-02 -4.1162077613e-02 -1.8963999385e-02  8.8171284509e-02  1.6729425065e-01  2.8127044871e-02 -2.7413536172e-02 -5.4059236658e-02  4.4170660242e-03  7.9141306915e-02  4.9912039146e-05 -6.9502083635e-05 -3.2326412679e-02 -7.7987582189e-04 -1.4346775894e-04  2.1058963885e-02 -1.5294596192e-01  2.0000960505e-02  1.2223924996e-01 
-2.0979212644e-04 -7.9321756403e-04  7.7153145440e-02  4.7063928016e-02  2.3667699016e-02  3.1231803817e-02 -1.1653235982e-01  5.3111332286e-02  6.5897082935e-02  5.0175779806e-02  6.5816273751e-01  2.6319878443e-01 -3.2388775244e-03 -3.0312332829e-02 -1.8715028419e-02  1.0300032018e-01  1.0821540861e-01 -5.2161282633e-02 -1.0509730007e-01 -9.5927634318e-02  1.8516631764e-04 -1.2260803990e-02  2.0894417778e-01 -1.2686428685e-01 -3.0648744336e-04  2.7373502712e-02 -9.6556297463e-02 -6.3886866756e-02 -4.6067609065e-02 
 3.4520049626e-04 -6.6481717632e-02 -2.9443498298e-02  2.2580937387e-03  1.7447564082e-02 -2.3487382791e-02  2.0021381626e-01 -2.1172435207e-02 -5.1314604974e-02 -4.1162077613e-02  2.6319878443e-01  3.8906339211e-01  1.2910959755e-01 -6.4322081734e-03 -4.6120252251e-02  1.9055718575e-03  2.0385803062e-01  1.4801086457e-01  4.3511857716e-02 -1.8662383684e-02 -6.2621091832e-05  3.1802043000e-03 -3.7571949499e-02 -1.6217667833e-01 -6.1060417923e-04  3.1964094738e-02  1.3159571593e-02  3.9667759342e-02  4.8682781117e-02 
 3.7761805715e-04 -6.3888232831e-02  3.9501361227e-02 -2.8918715320e-02 -7.0650998800e-02 -1.6084163351e-02  1.0334734371e-01  1.2530229587e-01  4.0512226273e-02 -1.8963999385e-02 -3.2388775244e-03  1.2910959755e-01  1.8958210320e-01  1.3040910986e-01  6.1701018677e-02 -5.0258885006e-02  4.9084440604e-02  1.4706653885e-01  1.5247683038e-01  1.1240052716e-01 -1.2442683830e-04  2.8400923221e-03  3.2973694022e-02 -4.4218637302e-02 -3.7730365229e-04  1.4498660583e-02  7.7922918965e-02 -1.2461659919e-02 -6.4041357135e-02 
 8.5061060562e-05 -2.7194008372e-02  2.0860314306e-02  7.5881420407e-03 -2.7848680765e-03  3.7931410349e-03 -1.0496492354e-02  1.3197183672e-01  1.1909817944e-01  8.8171284509e-02 -3.0312332829e-02 -6.4322081734e-03  1.3040910986e-01  1.6349704599e-01  1.4625837193e-01 -3.3098344218e-02 -1.5129127377e-02  8.0317789001e-02  1.4094341237e-01  1.5361091387e-01  1.9768813316e-05 -2.7812827569e-03  3.9281283066e-02 -6.4431881806e-03 -3.4293064111e-04  2.1747687195e-02 -1.8562361459e-02 -3.7103353537e-02 -4.0553012335e-02 
-1.4600389401e-04  3.5253901201e-03 -4.0286812345e-02  4.4953863241e-02  9.1712603985e-02  1.2318304651e-02 -4.7073674013e-02  6.7966061434e-02  1.4023833775e-01  1.6729425065e-01 -1.8715028419e-02 -4.6120252251e-02  6.1701018677e-02  1.4625837193e-01  1.8370568634e-01 -1.6069919206e-02 -2.5838214742e-02  3.4301267256e-02  1.0825726924e-01  1.5687167263e-01  1.4016002396e-04 -5.3593295721e-03  2.9949217510e-02 -2.5710007275e-04 -3.6777338848e-04  3.1355661463e-02 -1.1491340109e-01 -2.5070270353e-02  3.7414324543e-02 
-7.9492178076e-05  8.0107475781e-03  3.9092445919e-02  2.4595394378e-02  1.3581191186e-02  3.3392580586e-03 -4.2098848228e-02  3.3395694343e-02  3.6799803845e-02  2.8127044871e-02  1.0300032018e-01  1.9055718575e-03 -5.0258885006e-02 -3.3098344218e-02 -1.6069919206e-02  4.3271963561e-01  2.4215673409e-01  4.1125949873e-02 -3.1825192870e-02 -4.2025312036e-02  3.2323155481e-05 -7.7005449410e-06 -8.3185331779e-02  3.8602370714e-01  6.4625241332e-06  5.2600713306e-03 -5.3490639350e-02 -3.3368381380e-02 -2.2548145564e-02 
-1.1837938348e-04  5.1846809798e-02 -1.2373376588e-02  4.1652871740e-03  1.6598276717e-02 -9.3869323694e-03 -4.5430422794e-02 -8.3721906159e-02 -5.3894778539e-02 -2.7413536172e-02  1.0821540861e-01  2.0385803062e-01  4.9084440604e-02 -1.5129127377e-02 -2.5838214742e-02  2.4215673409e-01  3.2953010634e-01  2.0627831722e-01  8.9817820093e-02  2.8831680763e-02 -9.1551416973e-05  8.4482753577e-03 -1.6372605219e-01  9.0482052613e-02  6.8520274243e-04 -3.9237743006e-02  3.5186214093e-03  2.4488148397e-02  3.3288081327e-02 
-5.6328778816e-05  3.6217975464e-02 -3.5643816915e-02 -4.1267850604e-02 -3.8106095884e-02 -2.5180645341e-03 -3.3348362435e-02 -6.5915400157e-02 -6.2734849744e-02 -5.4059236658e-02 -5.2161282633e-02  1.4801086457e-01  1.4706653885e-01  8.0317789001e-02  3.4301267256e-02  4.1125949873e-02  2.0627831722e-01  2.6474794608e-01  2.1527878841e-01  1.4778265406e-01 -7.8209639613e-05  3.7826227592e-03 -2.0459337674e-02  7.3529682867e-03  5.6315501585e-04 -3.9778571305e-02  8.3086476587e-02  3.5155342635e-02  8.8338337470e-03 
-1.5686681411e-04  2.8850922914e-02 -4.5007383312e-02 -3.9163996015e-02 -2.9716672743e-02  1.2200059249e-02 -6.2714195730e-02 -1.5097806932e-02  3.8213295070e-04  4.4170660242e-03 -1.0509730007e-01  4.3511857716e-02  1.5247683038e-01  1.4094341237e-01  1.0825726924e-01 -3.1825192870e-02  8.9817820093e-02  2.1527878841e-01  2.3370420556e-01  2.0181384622e-01  5.5374572707e-05 -3.5862664376e-03  5.6119796996e-02 -4.4116781311e-04  2.1313753199e-04 -1.6110672511e-02  4.5007095483e-02  6.1663040275e-03 -8.3584117328e-03 
-2.9068773615e-04  3.2810613782e-02 -6.9826014617e-02 -1.3003925230e-02  2.4590903940e-02  2.0724174478e-02 -8.0449109811e-02 -4.1816632554e-03  5.3425174825e-02  7.9141306915e-02 -9.5927634318e-02 -1.8662383684e-02  1.1240052716e-01  1.5361091387e-01  1.5687167263e-01 -4.2025312036e-02  2.8831680763e-02  1.4778265406e-01  2.0181384622e-01  2.0871926287e-01  1.7836623051e-04 -7.7304177503e-03  7.1507613046e-02  1.1928942256e-03 -5.8665737198e-05  6.6166295915e-03 -3.5295358326e-02 -1.0287188036e-02  1.6359225571e-02 
 3.1079652253e-07 -1.4898412796e-05  2.2196468671e-06 -7.9264876182e-05 -3.5943814457e-05 -3.0743464875e-05  1.3131136712e-04 -1.5941353033e-04 -5.6129717305e-05  4.9912039133e-05  1.8516631765e-04 -6.2621091829e-05 -1.2442683829e-04  1.9768813309e-05  1.4016002395e-04  3.2323155484e-05 -9.1551416971e-05 -7.8209639622e-05  5.5374572701e-05  1.7836623050e-04  9.9999975513e-01  1.1892861095e-05 -1.2891150926e-04  2.7318788857e-05  4.1628602494e-07 -4.0989761422e-05  2.0210421873e-04 -3.0938318553e-05 -5.1847154604e-05 
-1.0513324460e-05 -6.2917121077e-04  3.0638010371e-03  3.0796932301e-03  2.7156781540e-03  1.5626429267e-03 -5.1000789422e-03  7.2778029289e-03  2.3750545201e-03 -6.9502083635e-05 -1.2260803990e-02  3.1802043000e-03  2.8400923221e-03 -2.7812827569e-03 -5.3593295721e-03 -7.7005449404e-06  8.4482753577e-03  3.7826227592e-03 -3.5862664376e-03 -7.7304177503e-03  1.1892861094e-05  9.9931822086e-01  9.3670564875e-03 -5.0163662717e-03 -3.0599770870e-05  2.5577720028e-03 -8.9582505116e-03 -1.7724604796e-03  1.2243558748e-03 
 3.0304291398e-05  2.9322947068e-02 -6.0594550973e-02 -3.9158705686e-02 -2.0264752194e-02 -1.7863155049e-02  2.5541535411e-02 -5.5343234132e-02 -4.8798988476e-02 -3.2326412679e-02  2.0894417778e-01 -3.7571949499e-02  3.2973694022e-02  3.9281283066e-02  2.9949217510e-02 -8.3185331779e-02 -1.6372605219e-01 -2.0459337674e-02  5.6119796996e-02  7.1507613046e-02 -1.2891150925e-04  9.3670564875e-03  8.2810349874e-01  1.6656805518e-01  5.1373526023e-04 -3.6377418025e-02  7.3079613235e-02  4.4481774238e-02  3.0534755524e-02 
 1.9064340548e-04 -5.1941019295e-02 -1.0963325684e-02 -9.0547285593e-03 -9.8099323533e-03  4.1640759949e-04  8.5786463573e-02  3.6359283131e-02  1.0423123186e-02 -7.7987582189e-04 -1.2686428685e-01 -1.6217667833e-01 -4.4218637302e-02 -6.4431881806e-03 -2.5710007275e-04  3.8602370714e-01  9.0482052613e-02  7.3529682867e-03 -4.4116781311e-04  1.1928942256e-03  2.7318788857e-05 -5.0163662717e-03  1.6656805518e-01  5.8575916016e-01 -5.7074917639e-04  2.9725807686e-02  2.2303579491e-02  7.5554371204e-03 -2.4686654034e-04 
 5.6876119491e-07 -2.9562759420e-04  6.5330628750e-04  3.4707561525e-04  1.0738478618e-04  3.0527418564e-05  2.1776014157e-04  2.4594133491e-04  1.2871456028e-05 -1.4346775894e-04 -3.0648744335e-04 -6.1060417923e-04 -3.7730365230e-04 -3.4293064112e-04 -3.6777338847e-04  6.4625241416e-06  6.8520274243e-04  5.6315501585e-04  2.1313753198e-04 -5.8665737205e-05  4.1628602568e-07 -3.0599770868e-05  5.1373526023e-04 -5.7074917639e-04  9.9999633117e-01  2.7302346426e-04 -7.2315347321e-04 -8.4831823879e-05 -1.3293219910e-05 
-1.9852059981e-05  2.0317294998e-02 -6.5229610381e-02 -3.0442037204e-02 -4.9423673181e-03 -3.6602677949e-03 -6.9327099269e-03 -1.6599012260e-02  5.5806106594e-03  2.1058963885e-02  2.7373502712e-02  3.1964094738e-02  1.4498660583e-02  2.1747687195e-02  3.1355661463e-02  5.2600713306e-03 -3.9237743006e-02 -3.9778571305e-02 -1.6110672511e-02  6.6166295915e-03 -4.0989761427e-05  2.5577720028e-03 -3.6377418025e-02  2.9725807686e-02  2.7302346425e-04  9.7751620232e-01  7.9980441629e-02 -5.1946993800e-03 -4.4846753403e-03 
-1.6170785974e-04 -3.3905724538e-02  2.9737683318e-01  8.3104307336e-02 -5.7386162880e-02  2.1232955389e-02 -6.5062595074e-02  5.5570445237e-02 -6.2975369331e-02 -1.5294596192e-01 -9.6556297463e-02  1.3159571593e-02  7.7922918965e-02 -1.8562361459e-02 -1.1491340109e-01 -5.3490639350e-02  3.5186214093e-03  8.3086476587e-02  4.5007095483e-02 -3.5295358326e-02  2.0210421875e-04 -8.9582505116e-03  7.3079613235e-02  2.2303579491e-02 -7.2315347318e-04  7.9980441629e-02  5.1917299321e-01  2.4044142341e-01  4.9251541887e-02 
 1.2798594224e-04 -3.3671675666e-02  9.4586588193e-02  1.4445985762e-01  1.5683502436e-01  2.1211946093e-03  2.1763405952e-02 -7.8157098919e-02 -2.6893564096e-02  2.0000960505e-02 -6.3886866756e-02  3.9667759342e-02 -1.2461659919e-02 -3.7103353537e-02 -2.5070270353e-02 -3.3368381380e-02  2.4488148397e-02  3.5155342635e-02  6.1663040275e-03 -1.0287188036e-02 -3.0938318547e-05 -1.7724604796e-03  4.4481774238e-02  7.5554371204e-03 -8.4831823876e-05 -5.1946993800e-03  2.4044142341e-01  2.5401814071e-01  2.3547892566e-01 
 1.1614555087e-04 -1.5077343366e-02 -5.1060182246e-02  1.6012442962e-01  2.6928092798e-01 -6.1920117400e-03  6.5308402080e-02 -1.6357460538e-01 -8.0089197319e-03  1.2223924996e-01 -4.6067609065e-02  4.8682781117e-02 -6.4041357135e-02 -4.0553012335e-02  3.7414324543e-02 -2.2548145564e-02  3.3288081327e-02  8.8338337470e-03 -8.3584117328e-03  1.6359225571e-02 -5.1847154551e-05  1.2243558748e-03  3.0534755524e-02 -2.4686654034e-04 -1.3293219907e-05 -4.4846753403e-03  4.9251541887e-02  2.3547892566e-01  3.2551024724e-01 
