15 15
 2.0493602817e+03  4.2513571115e-05  6.8321525514e+02  5.7055704250e-04  4.1017001207e+02  4.8159619933e-17 -1.7114300699e-17 -2.3335757697e-19  1.0486267887e-18  1.7211612662e+02  7.0086590156e-05  5.7408337763e+01  2.0377918645e-17 -8.9294213300e-18  2.7667497481e+01 
 4.2513571115e-05  5.1243523167e+02  5.6347144733e-04  2.5644420063e+02  7.9321541358e-03 -1.7115888886e-17 -2.3229031546e-17 -7.2489079626e-18 -1.5551524912e-17  7.0086590156e-05  4.3065327211e+01  9.4888715713e-04 -8.9294213300e-18  2.1592563891e-17  3.3393913633e-04 
 6.8321525514e+02  5.6347144733e-04  2.2797293328e+02  7.8391869739e-03  1.3743880367e+02 -2.2319318160e-19 -7.2573782921e-18 -5.6107462426e-18 -3.6862873865e-18  5.7408337763e+01  9.4888715713e-04  1.9233821431e+01 -7.8580940583e-17  9.9882125140e-18  9.2849848427e+00 
 5.7055704250e-04  2.5644420063e+02  7.8391869739e-03  1.2887973091e+02  1.1559746388e-01  1.0537089864e-18 -1.5551524912e-17 -3.7404974951e-18 -2.6671373443e-17  9.6056825549e-04  2.1627347819e+01  1.3578968995e-02 -5.8275866771e-19  1.0842021725e-18  4.6417157805e-03 
 4.1017001207e+02  7.9321541358e-03  1.3743880367e+02  1.1559746388e-01  8.5001705788e+01 -1.2691941682e-17 -1.3010426070e-18 -3.2526065175e-18 -8.6736173799e-19  3.4545131205e+01  1.3735559374e-02  1.1881322434e+01  2.6888213878e-17 -6.9388939039e-18  5.7676256226e+00 
 4.8159619933e-17 -1.7115888886e-17 -2.2319318160e-19  1.0537089864e-18 -1.2691941682e-17  1.3361031437e+00  6.6543792565e-05  4.7373316782e-01  9.1302183528e-04 -2.8008414950e-17  1.7219332785e-17  4.5960007718e-17  1.7164681737e+00  3.1677176855e-04 -9.3976611432e-17 
-1.7114300699e-17 -2.3229031546e-17 -7.2573782921e-18 -1.5551524912e-17 -1.3010426070e-18  6.6543792565e-05  3.6239123918e-01  9.0193120318e-04  2.5699776678e-01  1.6053815449e-17 -2.7057620467e-17 -7.6300727889e-18  3.1677176855e-04  4.8332184697e-01  1.3471211993e-17 
-2.3335757697e-19 -7.2489079626e-18 -5.6107462426e-18 -3.7404974951e-18 -3.2526065175e-18  4.7373316782e-01  9.0193120318e-04  2.3607699090e-01  1.2925703413e-02  3.0530455551e-17 -4.4723339615e-19  2.3852447795e-17  6.2636086145e-01  4.3535330639e-03  1.6913553891e-17 
 1.0486267887e-18 -1.5551524912e-17 -3.6862873865e-18 -2.6671373443e-17 -8.6736173799e-19  9.1302183528e-04  2.5699776678e-01  1.2925703413e-02  4.1585028542e-01 -7.4538899358e-19  1.6371452805e-17  3.4694469520e-18  4.4063283587e-03  4.0713994135e-01  7.1557343384e-18 
 1.7211612662e+02  7.0086590156e-05  5.7408337763e+01  9.6056825549e-04  3.4545131205e+01 -2.8008414950e-17  1.6053815449e-17  3.0530455551e-17 -7.4538899358e-19  1.5836794868e+01  3.1152168563e-04  5.3314334804e+00  4.5499221795e-17  2.2226144536e-18  4.6125477165e+00 
 7.0086590156e-05  4.3065327211e+01  9.4888715713e-04  2.1627347819e+01  1.3735559374e-02  1.7219332785e-17 -2.7057620467e-17 -4.4723339615e-19  1.6371452805e-17  3.1152168563e-04  4.0117005747e+00  4.2822851265e-03  3.0628711373e-18  3.5995512127e-17  2.1461338212e-03 
 5.7408337763e+01  9.4888715713e-04  1.9233821431e+01  1.3578968995e-02  1.1881322434e+01  4.5960007718e-17 -7.6300727889e-18  2.3852447795e-17  3.4694469520e-18  5.3314334804e+00  4.2822851265e-03  1.9422553261e+00  4.3584927334e-17  7.8062556419e-18  1.7178634645e+00 
 2.0377918645e-17 -8.9294213300e-18 -7.8580940583e-17 -5.8275866771e-19  2.6888213878e-17  1.7164681737e+00  3.1677176855e-04  6.2636086145e-01  4.4063283587e-03  4.5499221795e-17  3.0628711373e-18  4.3584927334e-17  2.3737280836e+00  2.1216327495e-03 -9.7307144981e-18 
-8.9294213300e-18  2.1592563891e-17  9.9882125140e-18  1.0842021725e-18 -6.9388939039e-18  3.1677176855e-04  4.8332184697e-01  4.3535330639e-03  4.0713994135e-01  2.2226144536e-18  3.5995512127e-17  7.8062556419e-18  2.1216327495e-03  7.6999071234e-01  3.8380756906e-17 
 2.7667497481e+01  3.3393913633e-04  9.2849848427e+00  4.6417157805e-03  5.7676256226e+00 -9.3976611432e-17  1.3471211993e-17  1.6913553891e-17  7.1557343384e-18  4.6125477165e+00  2.1461338212e-03  1.7178634645e+00 -9.7307144981e-18  3.8380756906e-17  5.0621283095e+00 
