15 15
 1.0000000000e+00  3.2613750025e-15  5.4622972812e-14 -4.5482281136e-15  3.0531133177e-14  1.0492466337e-30 -9.5526125242e-32  3.2047474275e-31 -1.1979284254e-31 -3.6415315208e-14  7.3522459822e-16  1.7208456882e-15  1.1960024955e-30 -1.2248914446e-31  1.1102230246e-16 
-3.2219235960e-14  1.0000000000e+00 -1.8315860981e-14 -2.7431909398e-14 -3.3085513496e-15  1.6192857861e-32  8.5634293260e-33 -1.8047317748e-32 -1.1472448706e-32 -4.4544988358e-15 -8.5952059518e-17 -2.0233923044e-17  9.9226957616e-32 -6.6275311895e-33 -2.8931934973e-16 
 6.8478556159e-13  1.7466083647e-14  1.0000000000e+00  2.5083342521e-14  9.4924068605e-15 -4.7077431561e-30 -3.9866749849e-32 -1.0188169406e-31 -1.6957813160e-31  5.3901327846e-14 -3.0946111559e-15  9.6034291630e-15 -4.1348752941e-30  2.7386723809e-31 -6.3560268160e-14 
 8.9858676056e-16 -2.9077927851e-14  3.2733364630e-14  1.0000000000e+00  3.4863605058e-14  1.0508355259e-32  3.3523218094e-33 -3.5422064649e-32 -3.4155163857e-34  7.3769115816e-15 -2.8435685898e-15  1.1015494072e-15 -1.8722672167e-31 -1.8988465545e-33  9.5669999700e-16 
 5.0315307476e-13  1.8488669254e-14  2.7977620221e-14 -4.2591798144e-15  1.0000000000e+00  1.1694246622e-30 -3.5629703971e-32 -3.7131929328e-31  5.7777898332e-34  2.4258373088e-14  2.1538760359e-15  3.4722225095e-14 -2.5560942222e-30 -1.7641518291e-31  1.3322676296e-14 
-1.6688352450e-27 -1.0473893150e-29 -6.4232999208e-28 -1.1804795001e-29 -2.5085776786e-28  1.0000000000e+00 -3.4694469520e-18  5.5649387008e-16  1.0408340856e-17 -8.5985838669e-29  6.2371241249e-31  1.9894085954e-29 -2.2780442897e-16  6.9388939039e-18 -7.7900014391e-30 
 7.6046191263e-28  3.9062674097e-29  7.4941785996e-29  1.2515077965e-29  1.3173977117e-28 -8.8904578144e-17  1.0000000000e+00  1.3877787808e-17  1.7763568394e-15  7.0208620565e-29  1.1301356914e-30  5.0289882708e-30 -3.4694469520e-17  1.6929797358e-32  6.3108872418e-30 
-1.3252863208e-28  4.3255062474e-30 -1.3371192343e-28  2.0807747119e-30  3.0371144851e-29 -2.1354903387e-15 -1.0408340856e-17  1.0000000000e+00 -1.1449174941e-16 -2.5046333741e-29  3.6130445757e-31 -9.3677232495e-31 -1.5533093475e-15  9.8588038317e-33 -1.3805065841e-30 
-2.6131017485e-28 -8.3506998312e-30 -4.0133298553e-29  3.8709747435e-30 -5.4924440526e-29 -2.1358782798e-17  5.9029706998e-34 -2.0816681712e-17  1.0000000000e+00 -9.3184194429e-30 -8.5266937169e-31 -3.7101114449e-30 -8.1532003371e-17  2.2204460493e-16 -7.0750962437e-30 
 1.7053025658e-13  3.0823867764e-16  4.4408920985e-14 -2.6020852140e-17  2.1316282073e-14  7.3955709864e-32  1.3250398017e-31 -3.6977854932e-32 -4.9303806576e-32  1.0000000000e+00  2.8622937354e-17  2.6645352591e-15  6.5635692505e-31 -1.2325951644e-32  3.5527136788e-15 
-1.5959455979e-15  1.3882332351e-14 -1.1830814106e-15  5.4357560120e-15 -3.5735303605e-16  2.6000054249e-33  1.6152533702e-31  1.9475966563e-32  1.3779426899e-32 -1.9602375279e-16  1.0000000000e+00 -5.9847959921e-17 -7.8824701505e-32 -4.1913050415e-31  1.3877787808e-17 
 1.7408297026e-13 -7.5530944346e-16  4.4408920985e-14  9.4195484746e-16  2.5757174171e-14 -9.8607613153e-31  2.8657837572e-31  4.2524533172e-31  1.8488927466e-31  3.5527136788e-15  1.7347234760e-18  1.0000000000e+00  4.6222318665e-33 -2.0954117795e-31  1.7763568394e-15 
-9.4268878174e-28  2.2611464772e-29  4.6148362955e-29  1.5987818544e-29 -1.1537090739e-28 -1.8281512101e-16  3.4694469520e-18  6.1170686572e-16  3.4694469520e-18  1.3805065841e-29  1.0831189266e-30 -4.9180547060e-29  1.0000000000e+00  6.9388939039e-18 -2.6722663164e-29 
 1.0255191768e-28  5.7537879312e-30 -1.2621774484e-29  2.7866280365e-30  1.0294634813e-28  1.3010426070e-18 -4.6561244853e-33 -6.9388939039e-18 -2.4732733685e-33 -3.9443045261e-30 -6.1870499463e-31 -1.5777218104e-30  3.4694469520e-18  1.0000000000e+00  3.1554436209e-30 
 9.9475983006e-14 -1.1872013789e-17  3.0198066270e-14 -2.1684043450e-17  2.4868995752e-14 -2.4651903288e-32 -3.0814879110e-33 -1.2325951644e-32  1.8488927466e-32  3.5527136788e-15  2.1684043450e-18  2.2204460493e-15 -1.0014835711e-31  7.3955709864e-32  1.0000000000e+00 
