Running test for polynomial order = 3
eigen inverse test
A = 
matrix size = 4 x 4
 1.000e+00  2.000e+00  3.000e+00  4.000e+00 
 5.000e+00 -6.000e+00  7.000e+00  8.000e+00 
 9.000e+00  1.000e+01  1.100e+01  1.200e+01 
 1.300e+01  1.400e+01  1.500e+01 -1.600e+01 

Ainv = 
matrix size = 4 x 4
-7.161e-01  4.167e-02  1.901e-01 -1.563e-02 
 4.167e-02 -8.333e-02  4.167e-02  4.266e-18 
 5.651e-01  4.167e-02 -1.536e-01  4.688e-02 
-1.562e-02  3.740e-18  4.687e-02 -3.125e-02 

A * Ainv = 
matrix size = 4 x 4
 1.000e+00 -2.667e-17 -2.776e-17  0.000e+00 
-4.857e-16  1.000e+00  1.110e-16 -5.551e-17 
-6.939e-18  8.652e-17  1.000e+00  0.000e+00 
-6.939e-16 -7.373e-17 -1.110e-16  1.000e+00 

nx = 32
max_grid = 32
Cell merging is turned ON.
making grids
all regular geometry
defining geometry in EB land
maximum (non covered) volume fraction for grids[0] = 1.000e+00
minimum (non covered) volume fraction for grids[0] = 1.000e+00
maximum volume fraction overall = 1.000e+00
minimum volume fraction overall = 1.000e+00
SubVolVec: ientry = 0
volume :((0 ,0 )), volmom = 
index 	  moment  
(0,0)	9.76562500e-04
(1,0)	0.00000000e+00
(2,0)	7.94728597e-08
(3,0)	0.00000000e+00
(0,1)	0.00000000e+00
(1,1)	0.00000000e+00
(2,1)	0.00000000e+00
(0,2)	7.94728597e-08
(1,2)	0.00000000e+00
(0,3)	0.00000000e+00
index 	  moment  
(0,0)	9.76562500e-04
(1,0)	0.00000000e+00
(2,0)	7.94728597e-08
(3,0)	0.00000000e+00
(0,1)	0.00000000e+00
(1,1)	0.00000000e+00
(2,1)	0.00000000e+00
(0,2)	7.94728597e-08
(1,2)	0.00000000e+00
(0,3)	0.00000000e+00
shiftMomentAndFillRow: a_currentRow = 0
shiftMomentAndFillRow: a_distance   = (0.00000000e+00,7.94728597e-08)
shiftMomentAndFillRow: input mat row: 
matrix size = 16 x 10
 0.000e+00  0.000e+00  0.000e+00  0.000e+00  0.000e+00  0.000e+00  0.000e+00  0.000e+00  0.000e+00  0.000e+00 
shiftMomentAndFillRow:   a_moment =
index 	  moment  
(0,0)	9.76562500e-04
(1,0)	0.00000000e+00
(2,0)	7.94728597e-08
(3,0)	0.00000000e+00
(0,1)	0.00000000e+00
(1,1)	0.00000000e+00
(2,1)	0.00000000e+00
(0,2)	7.94728597e-08
(1,2)	0.00000000e+00
(0,3)	0.00000000e+00
shiftMomentAndFillRow: shiftedMom =
index 	  moment  
(0,0)	9.76562500e-04
(1,0)	0.00000000e+00
(2,0)	7.94728597e-08
(3,0)	0.00000000e+00
(0,1)	7.76102146e-11
(1,1)	0.00000000e+00
(2,1)	6.31593543e-15
(0,2)	7.94728597e-08
(1,2)	0.00000000e+00
(0,3)	1.89478063e-14
shiftMomentAndFillRow: amat leaving = 
matrix size = 16 x 10
 1.000e+00  0.000e+00  8.138e-05  0.000e+00  7.947e-08  0.000e+00  6.468e-12  8.138e-05  0.000e+00  1.940e-11 
index 	  moment  
(0,0)	9.76562500e-04
(1,0)	0.00000000e+00
(2,0)	7.94728597e-08
(3,0)	0.00000000e+00
(0,1)	0.00000000e+00
(1,1)	0.00000000e+00
(2,1)	0.00000000e+00
(0,2)	7.94728597e-08
(1,2)	0.00000000e+00
(0,3)	0.00000000e+00
shiftMomentAndFillRow: a_currentRow = 1
shiftMomentAndFillRow: a_distance   = (3.12500000e-02,7.94728597e-08)
shiftMomentAndFillRow: input mat row: 
matrix size = 16 x 10
 0.000e+00  0.000e+00  0.000e+00  0.000e+00  0.000e+00  0.000e+00  0.000e+00  0.000e+00  0.000e+00  0.000e+00 
shiftMomentAndFillRow:   a_moment =
index 	  moment  
(0,0)	9.76562500e-04
(1,0)	0.00000000e+00
(2,0)	7.94728597e-08
(3,0)	0.00000000e+00
(0,1)	0.00000000e+00
(1,1)	0.00000000e+00
(2,1)	0.00000000e+00
(0,2)	7.94728597e-08
(1,2)	0.00000000e+00
(0,3)	0.00000000e+00
shiftMomentAndFillRow: shiftedMom =
index 	  moment  
(0,0)	9.76562500e-04
(1,0)	3.05175781e-05
(2,0)	1.03314718e-06
(3,0)	3.72529030e-08
(0,1)	7.76102146e-11
(1,1)	2.42531920e-12
(2,1)	8.21071606e-14
(0,2)	7.94728597e-08
(1,2)	2.48352687e-09
(0,3)	1.89478063e-14
shiftMomentAndFillRow: amat leaving = 
matrix size = 16 x 10
 1.000e+00  3.125e-02  1.058e-03  3.815e-05  7.947e-08  2.484e-09  8.408e-11  8.138e-05  2.543e-06  1.940e-11 
index 	  moment  
(0,0)	9.76562500e-04
(1,0)	0.00000000e+00
(2,0)	7.94728597e-08
(3,0)	0.00000000e+00
(0,1)	0.00000000e+00
(1,1)	0.00000000e+00
(2,1)	0.00000000e+00
(0,2)	7.94728597e-08
(1,2)	0.00000000e+00
(0,3)	0.00000000e+00
shiftMomentAndFillRow: a_currentRow = 2
shiftMomentAndFillRow: a_distance   = (6.25000000e-02,7.94728597e-08)
shiftMomentAndFillRow: input mat row: 
matrix size = 16 x 10
 0.000e+00  0.000e+00  0.000e+00  0.000e+00  0.000e+00  0.000e+00  0.000e+00  0.000e+00  0.000e+00  0.000e+00 
shiftMomentAndFillRow:   a_moment =
index 	  moment  
(0,0)	9.76562500e-04
(1,0)	0.00000000e+00
(2,0)	7.94728597e-08
(3,0)	0.00000000e+00
(0,1)	0.00000000e+00
(1,1)	0.00000000e+00
(2,1)	0.00000000e+00
(0,2)	7.94728597e-08
(1,2)	0.00000000e+00
(0,3)	0.00000000e+00
shiftMomentAndFillRow: shiftedMom =
index 	  moment  
(0,0)	9.76562500e-04
(1,0)	6.10351562e-05
(2,0)	3.89417013e-06
(3,0)	2.53319740e-07
(0,1)	7.76102146e-11
(1,1)	4.85063841e-12
(2,1)	3.09480836e-13
(0,2)	7.94728597e-08
(1,2)	4.96705373e-09
(0,3)	1.89478063e-14
shiftMomentAndFillRow: amat leaving = 
matrix size = 16 x 10
 1.000e+00  6.250e-02  3.988e-03  2.594e-04  7.947e-08  4.967e-09  3.169e-10  8.138e-05  5.086e-06  1.940e-11 
index 	  moment  
(0,0)	9.76562500e-04
(1,0)	0.00000000e+00
(2,0)	7.94728597e-08
(3,0)	0.00000000e+00
(0,1)	0.00000000e+00
(1,1)	0.00000000e+00
(2,1)	0.00000000e+00
(0,2)	7.94728597e-08
(1,2)	0.00000000e+00
(0,3)	0.00000000e+00
shiftMomentAndFillRow: a_currentRow = 3
shiftMomentAndFillRow: a_distance   = (9.37500000e-02,7.94728597e-08)
shiftMomentAndFillRow: input mat row: 
matrix size = 16 x 10
 0.000e+00  0.000e+00  0.000e+00  0.000e+00  0.000e+00  0.000e+00  0.000e+00  0.000e+00  0.000e+00  0.000e+00 
shiftMomentAndFillRow:   a_moment =
index 	  moment  
(0,0)	9.76562500e-04
(1,0)	0.00000000e+00
(2,0)	7.94728597e-08
(3,0)	0.00000000e+00
(0,1)	0.00000000e+00
(1,1)	0.00000000e+00
(2,1)	0.00000000e+00
(0,2)	7.94728597e-08
(1,2)	0.00000000e+00
(0,3)	0.00000000e+00
shiftMomentAndFillRow: shiftedMom =
index 	  moment  
(0,0)	9.76562500e-04
(1,0)	9.15527344e-05
(2,0)	8.66254171e-06
(3,0)	8.27014446e-07
(0,1)	7.76102146e-11
(1,1)	7.27595761e-12
(2,1)	6.88436962e-13
(0,2)	7.94728597e-08
(1,2)	7.45058060e-09
(0,3)	1.89478063e-14
shiftMomentAndFillRow: amat leaving = 
matrix size = 16 x 10
 1.000e+00  9.375e-02  8.870e-03  8.469e-04  7.947e-08  7.451e-09  7.050e-10  8.138e-05  7.629e-06  1.940e-11 
index 	  moment  
(0,0)	9.76562500e-04
(1,0)	0.00000000e+00
(2,0)	7.94728597e-08
(3,0)	0.00000000e+00
(0,1)	0.00000000e+00
(1,1)	0.00000000e+00
(2,1)	0.00000000e+00
(0,2)	7.94728597e-08
(1,2)	0.00000000e+00
(0,3)	0.00000000e+00
shiftMomentAndFillRow: a_currentRow = 4
shiftMomentAndFillRow: a_distance   = (0.00000000e+00,3.12500795e-02)
shiftMomentAndFillRow: input mat row: 
matrix size = 16 x 10
 0.000e+00  0.000e+00  0.000e+00  0.000e+00  0.000e+00  0.000e+00  0.000e+00  0.000e+00  0.000e+00  0.000e+00 
shiftMomentAndFillRow:   a_moment =
index 	  moment  
(0,0)	9.76562500e-04
(1,0)	0.00000000e+00
(2,0)	7.94728597e-08
(3,0)	0.00000000e+00
(0,1)	0.00000000e+00
(1,1)	0.00000000e+00
(2,1)	0.00000000e+00
(0,2)	7.94728597e-08
(1,2)	0.00000000e+00
(0,3)	0.00000000e+00
shiftMomentAndFillRow: shiftedMom =
index 	  moment  
(0,0)	9.76562500e-04
(1,0)	0.00000000e+00
(2,0)	7.94728597e-08
(3,0)	0.00000000e+00
(0,1)	3.05176557e-05
(1,1)	0.00000000e+00
(2,1)	2.48353318e-09
(0,2)	1.03315203e-06
(1,2)	0.00000000e+00
(0,3)	3.72531493e-08
shiftMomentAndFillRow: amat leaving = 
matrix size = 16 x 10
 1.000e+00  0.000e+00  8.138e-05  0.000e+00  3.125e-02  0.000e+00  2.543e-06  1.058e-03  0.000e+00  3.815e-05 
index 	  moment  
(0,0)	9.76562500e-04
(1,0)	0.00000000e+00
(2,0)	7.94728597e-08
(3,0)	0.00000000e+00
(0,1)	0.00000000e+00
(1,1)	0.00000000e+00
(2,1)	0.00000000e+00
(0,2)	7.94728597e-08
(1,2)	0.00000000e+00
(0,3)	0.00000000e+00
shiftMomentAndFillRow: a_currentRow = 5
shiftMomentAndFillRow: a_distance   = (3.12500000e-02,3.12500795e-02)
shiftMomentAndFillRow: input mat row: 
matrix size = 16 x 10
 0.000e+00  0.000e+00  0.000e+00  0.000e+00  0.000e+00  0.000e+00  0.000e+00  0.000e+00  0.000e+00  0.000e+00 
shiftMomentAndFillRow:   a_moment =
index 	  moment  
(0,0)	9.76562500e-04
(1,0)	0.00000000e+00
(2,0)	7.94728597e-08
(3,0)	0.00000000e+00
(0,1)	0.00000000e+00
(1,1)	0.00000000e+00
(2,1)	0.00000000e+00
(0,2)	7.94728597e-08
(1,2)	0.00000000e+00
(0,3)	0.00000000e+00
shiftMomentAndFillRow: shiftedMom =
index 	  moment  
(0,0)	9.76562500e-04
(1,0)	3.05175781e-05
(2,0)	1.03314718e-06
(3,0)	3.72529030e-08
(0,1)	3.05176557e-05
(1,1)	9.53676742e-07
(2,1)	3.22859314e-08
(0,2)	1.03315203e-06
(1,2)	3.22860008e-08
(0,3)	3.72531493e-08
shiftMomentAndFillRow: amat leaving = 
matrix size = 16 x 10
 1.000e+00  3.125e-02  1.058e-03  3.815e-05  3.125e-02  9.766e-04  3.306e-05  1.058e-03  3.306e-05  3.815e-05 
index 	  moment  
(0,0)	9.76562500e-04
(1,0)	0.00000000e+00
(2,0)	7.94728597e-08
(3,0)	0.00000000e+00
(0,1)	0.00000000e+00
(1,1)	0.00000000e+00
(2,1)	0.00000000e+00
(0,2)	7.94728597e-08
(1,2)	0.00000000e+00
(0,3)	0.00000000e+00
shiftMomentAndFillRow: a_currentRow = 6
shiftMomentAndFillRow: a_distance   = (6.25000000e-02,3.12500795e-02)
shiftMomentAndFillRow: input mat row: 
matrix size = 16 x 10
 0.000e+00  0.000e+00  0.000e+00  0.000e+00  0.000e+00  0.000e+00  0.000e+00  0.000e+00  0.000e+00  0.000e+00 
shiftMomentAndFillRow:   a_moment =
index 	  moment  
(0,0)	9.76562500e-04
(1,0)	0.00000000e+00
(2,0)	7.94728597e-08
(3,0)	0.00000000e+00
(0,1)	0.00000000e+00
(1,1)	0.00000000e+00
(2,1)	0.00000000e+00
(0,2)	7.94728597e-08
(1,2)	0.00000000e+00
(0,3)	0.00000000e+00
shiftMomentAndFillRow: shiftedMom =
index 	  moment  
(0,0)	9.76562500e-04
(1,0)	6.10351562e-05
(2,0)	3.89417013e-06
(3,0)	2.53319740e-07
(0,1)	3.05176557e-05
(1,1)	1.90735348e-06
(2,1)	1.21693126e-07
(0,2)	1.03315203e-06
(1,2)	6.45720017e-08
(0,3)	3.72531493e-08
shiftMomentAndFillRow: amat leaving = 
matrix size = 16 x 10
 1.000e+00  6.250e-02  3.988e-03  2.594e-04  3.125e-02  1.953e-03  1.246e-04  1.058e-03  6.612e-05  3.815e-05 
index 	  moment  
(0,0)	9.76562500e-04
(1,0)	0.00000000e+00
(2,0)	7.94728597e-08
(3,0)	0.00000000e+00
(0,1)	0.00000000e+00
(1,1)	0.00000000e+00
(2,1)	0.00000000e+00
(0,2)	7.94728597e-08
(1,2)	0.00000000e+00
(0,3)	0.00000000e+00
shiftMomentAndFillRow: a_currentRow = 7
shiftMomentAndFillRow: a_distance   = (9.37500000e-02,3.12500795e-02)
shiftMomentAndFillRow: input mat row: 
matrix size = 16 x 10
 0.000e+00  0.000e+00  0.000e+00  0.000e+00  0.000e+00  0.000e+00  0.000e+00  0.000e+00  0.000e+00  0.000e+00 
shiftMomentAndFillRow:   a_moment =
index 	  moment  
(0,0)	9.76562500e-04
(1,0)	0.00000000e+00
(2,0)	7.94728597e-08
(3,0)	0.00000000e+00
(0,1)	0.00000000e+00
(1,1)	0.00000000e+00
(2,1)	0.00000000e+00
(0,2)	7.94728597e-08
(1,2)	0.00000000e+00
(0,3)	0.00000000e+00
shiftMomentAndFillRow: shiftedMom =
index 	  moment  
(0,0)	9.76562500e-04
(1,0)	9.15527344e-05
(2,0)	8.66254171e-06
(3,0)	8.27014446e-07
(0,1)	3.05176557e-05
(1,1)	2.86103023e-06
(2,1)	2.70705117e-07
(0,2)	1.03315203e-06
(1,2)	9.68580025e-08
(0,3)	3.72531493e-08
shiftMomentAndFillRow: amat leaving = 
matrix size = 16 x 10
 1.000e+00  9.375e-02  8.870e-03  8.469e-04  3.125e-02  2.930e-03  2.772e-04  1.058e-03  9.918e-05  3.815e-05 
index 	  moment  
(0,0)	9.76562500e-04
(1,0)	0.00000000e+00
(2,0)	7.94728597e-08
(3,0)	0.00000000e+00
(0,1)	0.00000000e+00
(1,1)	0.00000000e+00
(2,1)	0.00000000e+00
(0,2)	7.94728597e-08
(1,2)	0.00000000e+00
(0,3)	0.00000000e+00
shiftMomentAndFillRow: a_currentRow = 8
shiftMomentAndFillRow: a_distance   = (0.00000000e+00,6.25000795e-02)
shiftMomentAndFillRow: input mat row: 
matrix size = 16 x 10
 0.000e+00  0.000e+00  0.000e+00  0.000e+00  0.000e+00  0.000e+00  0.000e+00  0.000e+00  0.000e+00  0.000e+00 
shiftMomentAndFillRow:   a_moment =
index 	  moment  
(0,0)	9.76562500e-04
(1,0)	0.00000000e+00
(2,0)	7.94728597e-08
(3,0)	0.00000000e+00
(0,1)	0.00000000e+00
(1,1)	0.00000000e+00
(2,1)	0.00000000e+00
(0,2)	7.94728597e-08
(1,2)	0.00000000e+00
(0,3)	0.00000000e+00
shiftMomentAndFillRow: shiftedMom =
index 	  moment  
(0,0)	9.76562500e-04
(1,0)	0.00000000e+00
(2,0)	7.94728597e-08
(3,0)	0.00000000e+00
(0,1)	6.10352339e-05
(1,1)	0.00000000e+00
(2,1)	4.96706005e-09
(0,2)	3.89417983e-06
(1,2)	0.00000000e+00
(0,3)	2.53320669e-07
shiftMomentAndFillRow: amat leaving = 
matrix size = 16 x 10
 1.000e+00  0.000e+00  8.138e-05  0.000e+00  6.250e-02  0.000e+00  5.086e-06  3.988e-03  0.000e+00  2.594e-04 
index 	  moment  
(0,0)	9.76562500e-04
(1,0)	0.00000000e+00
(2,0)	7.94728597e-08
(3,0)	0.00000000e+00
(0,1)	0.00000000e+00
(1,1)	0.00000000e+00
(2,1)	0.00000000e+00
(0,2)	7.94728597e-08
(1,2)	0.00000000e+00
(0,3)	0.00000000e+00
shiftMomentAndFillRow: a_currentRow = 9
shiftMomentAndFillRow: a_distance   = (3.12500000e-02,6.25000795e-02)
shiftMomentAndFillRow: input mat row: 
matrix size = 16 x 10
 0.000e+00  0.000e+00  0.000e+00  0.000e+00  0.000e+00  0.000e+00  0.000e+00  0.000e+00  0.000e+00  0.000e+00 
shiftMomentAndFillRow:   a_moment =
index 	  moment  
(0,0)	9.76562500e-04
(1,0)	0.00000000e+00
(2,0)	7.94728597e-08
(3,0)	0.00000000e+00
(0,1)	0.00000000e+00
(1,1)	0.00000000e+00
(2,1)	0.00000000e+00
(0,2)	7.94728597e-08
(1,2)	0.00000000e+00
(0,3)	0.00000000e+00
shiftMomentAndFillRow: shiftedMom =
index 	  moment  
(0,0)	9.76562500e-04
(1,0)	3.05175781e-05
(2,0)	1.03314718e-06
(3,0)	3.72529030e-08
(0,1)	6.10352339e-05
(1,1)	1.90735106e-06
(2,1)	6.45717806e-08
(0,2)	3.89417983e-06
(1,2)	1.21693120e-07
(0,3)	2.53320669e-07
shiftMomentAndFillRow: amat leaving = 
matrix size = 16 x 10
 1.000e+00  3.125e-02  1.058e-03  3.815e-05  6.250e-02  1.953e-03  6.612e-05  3.988e-03  1.246e-04  2.594e-04 
index 	  moment  
(0,0)	9.76562500e-04
(1,0)	0.00000000e+00
(2,0)	7.94728597e-08
(3,0)	0.00000000e+00
(0,1)	0.00000000e+00
(1,1)	0.00000000e+00
(2,1)	0.00000000e+00
(0,2)	7.94728597e-08
(1,2)	0.00000000e+00
(0,3)	0.00000000e+00
shiftMomentAndFillRow: a_currentRow = 10
shiftMomentAndFillRow: a_distance   = (6.25000000e-02,6.25000795e-02)
shiftMomentAndFillRow: input mat row: 
matrix size = 16 x 10
 0.000e+00  0.000e+00  0.000e+00  0.000e+00  0.000e+00  0.000e+00  0.000e+00  0.000e+00  0.000e+00  0.000e+00 
shiftMomentAndFillRow:   a_moment =
index 	  moment  
(0,0)	9.76562500e-04
(1,0)	0.00000000e+00
(2,0)	7.94728597e-08
(3,0)	0.00000000e+00
(0,1)	0.00000000e+00
(1,1)	0.00000000e+00
(2,1)	0.00000000e+00
(0,2)	7.94728597e-08
(1,2)	0.00000000e+00
(0,3)	0.00000000e+00
shiftMomentAndFillRow: shiftedMom =
index 	  moment  
(0,0)	9.76562500e-04
(1,0)	6.10351562e-05
(2,0)	3.89417013e-06
(3,0)	2.53319740e-07
(0,1)	6.10352339e-05
(1,1)	3.81470212e-06
(2,1)	2.43385942e-07
(0,2)	3.89417983e-06
(1,2)	2.43386239e-07
(0,3)	2.53320669e-07
shiftMomentAndFillRow: amat leaving = 
matrix size = 16 x 10
 1.000e+00  6.250e-02  3.988e-03  2.594e-04  6.250e-02  3.906e-03  2.492e-04  3.988e-03  2.492e-04  2.594e-04 
index 	  moment  
(0,0)	9.76562500e-04
(1,0)	0.00000000e+00
(2,0)	7.94728597e-08
(3,0)	0.00000000e+00
(0,1)	0.00000000e+00
(1,1)	0.00000000e+00
(2,1)	0.00000000e+00
(0,2)	7.94728597e-08
(1,2)	0.00000000e+00
(0,3)	0.00000000e+00
shiftMomentAndFillRow: a_currentRow = 11
shiftMomentAndFillRow: a_distance   = (9.37500000e-02,6.25000795e-02)
shiftMomentAndFillRow: input mat row: 
matrix size = 16 x 10
 0.000e+00  0.000e+00  0.000e+00  0.000e+00  0.000e+00  0.000e+00  0.000e+00  0.000e+00  0.000e+00  0.000e+00 
shiftMomentAndFillRow:   a_moment =
index 	  moment  
(0,0)	9.76562500e-04
(1,0)	0.00000000e+00
(2,0)	7.94728597e-08
(3,0)	0.00000000e+00
(0,1)	0.00000000e+00
(1,1)	0.00000000e+00
(2,1)	0.00000000e+00
(0,2)	7.94728597e-08
(1,2)	0.00000000e+00
(0,3)	0.00000000e+00
shiftMomentAndFillRow: shiftedMom =
index 	  moment  
(0,0)	9.76562500e-04
(1,0)	9.15527344e-05
(2,0)	8.66254171e-06
(3,0)	8.27014446e-07
(0,1)	6.10352339e-05
(1,1)	5.72205317e-06
(2,1)	5.41409545e-07
(0,2)	3.89417983e-06
(1,2)	3.65079359e-07
(0,3)	2.53320669e-07
shiftMomentAndFillRow: amat leaving = 
matrix size = 16 x 10
 1.000e+00  9.375e-02  8.870e-03  8.469e-04  6.250e-02  5.859e-03  5.544e-04  3.988e-03  3.738e-04  2.594e-04 
index 	  moment  
(0,0)	9.76562500e-04
(1,0)	0.00000000e+00
(2,0)	7.94728597e-08
(3,0)	0.00000000e+00
(0,1)	0.00000000e+00
(1,1)	0.00000000e+00
(2,1)	0.00000000e+00
(0,2)	7.94728597e-08
(1,2)	0.00000000e+00
(0,3)	0.00000000e+00
shiftMomentAndFillRow: a_currentRow = 12
shiftMomentAndFillRow: a_distance   = (0.00000000e+00,9.37500795e-02)
shiftMomentAndFillRow: input mat row: 
matrix size = 16 x 10
 0.000e+00  0.000e+00  0.000e+00  0.000e+00  0.000e+00  0.000e+00  0.000e+00  0.000e+00  0.000e+00  0.000e+00 
shiftMomentAndFillRow:   a_moment =
index 	  moment  
(0,0)	9.76562500e-04
(1,0)	0.00000000e+00
(2,0)	7.94728597e-08
(3,0)	0.00000000e+00
(0,1)	0.00000000e+00
(1,1)	0.00000000e+00
(2,1)	0.00000000e+00
(0,2)	7.94728597e-08
(1,2)	0.00000000e+00
(0,3)	0.00000000e+00
shiftMomentAndFillRow: shiftedMom =
index 	  moment  
(0,0)	9.76562500e-04
(1,0)	0.00000000e+00
(2,0)	7.94728597e-08
(3,0)	0.00000000e+00
(0,1)	9.15528120e-05
(1,1)	0.00000000e+00
(2,1)	7.45058691e-09
(0,2)	8.66255626e-06
(1,2)	0.00000000e+00
(0,3)	8.27016512e-07
shiftMomentAndFillRow: amat leaving = 
matrix size = 16 x 10
 1.000e+00  0.000e+00  8.138e-05  0.000e+00  9.375e-02  0.000e+00  7.629e-06  8.870e-03  0.000e+00  8.469e-04 
index 	  moment  
(0,0)	9.76562500e-04
(1,0)	0.00000000e+00
(2,0)	7.94728597e-08
(3,0)	0.00000000e+00
(0,1)	0.00000000e+00
(1,1)	0.00000000e+00
(2,1)	0.00000000e+00
(0,2)	7.94728597e-08
(1,2)	0.00000000e+00
(0,3)	0.00000000e+00
shiftMomentAndFillRow: a_currentRow = 13
shiftMomentAndFillRow: a_distance   = (3.12500000e-02,9.37500795e-02)
shiftMomentAndFillRow: input mat row: 
matrix size = 16 x 10
 0.000e+00  0.000e+00  0.000e+00  0.000e+00  0.000e+00  0.000e+00  0.000e+00  0.000e+00  0.000e+00  0.000e+00 
shiftMomentAndFillRow:   a_moment =
index 	  moment  
(0,0)	9.76562500e-04
(1,0)	0.00000000e+00
(2,0)	7.94728597e-08
(3,0)	0.00000000e+00
(0,1)	0.00000000e+00
(1,1)	0.00000000e+00
(2,1)	0.00000000e+00
(0,2)	7.94728597e-08
(1,2)	0.00000000e+00
(0,3)	0.00000000e+00
shiftMomentAndFillRow: shiftedMom =
index 	  moment  
(0,0)	9.76562500e-04
(1,0)	3.05175781e-05
(2,0)	1.03314718e-06
(3,0)	3.72529030e-08
(0,1)	9.15528120e-05
(1,1)	2.86102537e-06
(2,1)	9.68576299e-08
(0,2)	8.66255626e-06
(1,2)	2.70704883e-07
(0,3)	8.27016512e-07
shiftMomentAndFillRow: amat leaving = 
matrix size = 16 x 10
 1.000e+00  3.125e-02  1.058e-03  3.815e-05  9.375e-02  2.930e-03  9.918e-05  8.870e-03  2.772e-04  8.469e-04 
index 	  moment  
(0,0)	9.76562500e-04
(1,0)	0.00000000e+00
(2,0)	7.94728597e-08
(3,0)	0.00000000e+00
(0,1)	0.00000000e+00
(1,1)	0.00000000e+00
(2,1)	0.00000000e+00
(0,2)	7.94728597e-08
(1,2)	0.00000000e+00
(0,3)	0.00000000e+00
shiftMomentAndFillRow: a_currentRow = 14
shiftMomentAndFillRow: a_distance   = (6.25000000e-02,9.37500795e-02)
shiftMomentAndFillRow: input mat row: 
matrix size = 16 x 10
 0.000e+00  0.000e+00  0.000e+00  0.000e+00  0.000e+00  0.000e+00  0.000e+00  0.000e+00  0.000e+00  0.000e+00 
shiftMomentAndFillRow:   a_moment =
index 	  moment  
(0,0)	9.76562500e-04
(1,0)	0.00000000e+00
(2,0)	7.94728597e-08
(3,0)	0.00000000e+00
(0,1)	0.00000000e+00
(1,1)	0.00000000e+00
(2,1)	0.00000000e+00
(0,2)	7.94728597e-08
(1,2)	0.00000000e+00
(0,3)	0.00000000e+00
shiftMomentAndFillRow: shiftedMom =
index 	  moment  
(0,0)	9.76562500e-04
(1,0)	6.10351562e-05
(2,0)	3.89417013e-06
(3,0)	2.53319740e-07
(0,1)	9.15528120e-05
(1,1)	5.72205075e-06
(2,1)	3.65078759e-07
(0,2)	8.66255626e-06
(1,2)	5.41409766e-07
(0,3)	8.27016512e-07
shiftMomentAndFillRow: amat leaving = 
matrix size = 16 x 10
 1.000e+00  6.250e-02  3.988e-03  2.594e-04  9.375e-02  5.859e-03  3.738e-04  8.870e-03  5.544e-04  8.469e-04 
index 	  moment  
(0,0)	9.76562500e-04
(1,0)	0.00000000e+00
(2,0)	7.94728597e-08
(3,0)	0.00000000e+00
(0,1)	0.00000000e+00
(1,1)	0.00000000e+00
(2,1)	0.00000000e+00
(0,2)	7.94728597e-08
(1,2)	0.00000000e+00
(0,3)	0.00000000e+00
shiftMomentAndFillRow: a_currentRow = 15
shiftMomentAndFillRow: a_distance   = (9.37500000e-02,9.37500795e-02)
shiftMomentAndFillRow: input mat row: 
matrix size = 16 x 10
 0.000e+00  0.000e+00  0.000e+00  0.000e+00  0.000e+00  0.000e+00  0.000e+00  0.000e+00  0.000e+00  0.000e+00 
shiftMomentAndFillRow:   a_moment =
index 	  moment  
(0,0)	9.76562500e-04
(1,0)	0.00000000e+00
(2,0)	7.94728597e-08
(3,0)	0.00000000e+00
(0,1)	0.00000000e+00
(1,1)	0.00000000e+00
(2,1)	0.00000000e+00
(0,2)	7.94728597e-08
(1,2)	0.00000000e+00
(0,3)	0.00000000e+00
shiftMomentAndFillRow: shiftedMom =
index 	  moment  
(0,0)	9.76562500e-04
(1,0)	9.15527344e-05
(2,0)	8.66254171e-06
(3,0)	8.27014446e-07
(0,1)	9.15528120e-05
(1,1)	8.58307612e-06
(2,1)	8.12113974e-07
(0,2)	8.66255626e-06
(1,2)	8.12114649e-07
(0,3)	8.27016512e-07
shiftMomentAndFillRow: amat leaving = 
matrix size = 16 x 10
 1.000e+00  9.375e-02  8.870e-03  8.469e-04  9.375e-02  8.789e-03  8.316e-04  8.870e-03  8.316e-04  8.469e-04 
Weight matrix: 
matrix size = 16 x 16
 1.000e+00  0.000e+00  0.000e+00  0.000e+00  0.000e+00  0.000e+00  0.000e+00  0.000e+00  0.000e+00  0.000e+00  0.000e+00  0.000e+00  0.000e+00  0.000e+00  0.000e+00  0.000e+00 
 0.000e+00  2.500e-01  0.000e+00  0.000e+00  0.000e+00  0.000e+00  0.000e+00  0.000e+00  0.000e+00  0.000e+00  0.000e+00  0.000e+00  0.000e+00  0.000e+00  0.000e+00  0.000e+00 
 0.000e+00  0.000e+00  1.111e-01  0.000e+00  0.000e+00  0.000e+00  0.000e+00  0.000e+00  0.000e+00  0.000e+00  0.000e+00  0.000e+00  0.000e+00  0.000e+00  0.000e+00  0.000e+00 
 0.000e+00  0.000e+00  0.000e+00  6.250e-02  0.000e+00  0.000e+00  0.000e+00  0.000e+00  0.000e+00  0.000e+00  0.000e+00  0.000e+00  0.000e+00  0.000e+00  0.000e+00  0.000e+00 
 0.000e+00  0.000e+00  0.000e+00  0.000e+00  2.500e-01  0.000e+00  0.000e+00  0.000e+00  0.000e+00  0.000e+00  0.000e+00  0.000e+00  0.000e+00  0.000e+00  0.000e+00  0.000e+00 
 0.000e+00  0.000e+00  0.000e+00  0.000e+00  0.000e+00  1.111e-01  0.000e+00  0.000e+00  0.000e+00  0.000e+00  0.000e+00  0.000e+00  0.000e+00  0.000e+00  0.000e+00  0.000e+00 
 0.000e+00  0.000e+00  0.000e+00  0.000e+00  0.000e+00  0.000e+00  6.250e-02  0.000e+00  0.000e+00  0.000e+00  0.000e+00  0.000e+00  0.000e+00  0.000e+00  0.000e+00  0.000e+00 
 0.000e+00  0.000e+00  0.000e+00  0.000e+00  0.000e+00  0.000e+00  0.000e+00  4.000e-02  0.000e+00  0.000e+00  0.000e+00  0.000e+00  0.000e+00  0.000e+00  0.000e+00  0.000e+00 
 0.000e+00  0.000e+00  0.000e+00  0.000e+00  0.000e+00  0.000e+00  0.000e+00  0.000e+00  1.111e-01  0.000e+00  0.000e+00  0.000e+00  0.000e+00  0.000e+00  0.000e+00  0.000e+00 
 0.000e+00  0.000e+00  0.000e+00  0.000e+00  0.000e+00  0.000e+00  0.000e+00  0.000e+00  0.000e+00  6.250e-02  0.000e+00  0.000e+00  0.000e+00  0.000e+00  0.000e+00  0.000e+00 
 0.000e+00  0.000e+00  0.000e+00  0.000e+00  0.000e+00  0.000e+00  0.000e+00  0.000e+00  0.000e+00  0.000e+00  4.000e-02  0.000e+00  0.000e+00  0.000e+00  0.000e+00  0.000e+00 
 0.000e+00  0.000e+00  0.000e+00  0.000e+00  0.000e+00  0.000e+00  0.000e+00  0.000e+00  0.000e+00  0.000e+00  0.000e+00  2.778e-02  0.000e+00  0.000e+00  0.000e+00  0.000e+00 
 0.000e+00  0.000e+00  0.000e+00  0.000e+00  0.000e+00  0.000e+00  0.000e+00  0.000e+00  0.000e+00  0.000e+00  0.000e+00  0.000e+00  6.250e-02  0.000e+00  0.000e+00  0.000e+00 
 0.000e+00  0.000e+00  0.000e+00  0.000e+00  0.000e+00  0.000e+00  0.000e+00  0.000e+00  0.000e+00  0.000e+00  0.000e+00  0.000e+00  0.000e+00  4.000e-02  0.000e+00  0.000e+00 
 0.000e+00  0.000e+00  0.000e+00  0.000e+00  0.000e+00  0.000e+00  0.000e+00  0.000e+00  0.000e+00  0.000e+00  0.000e+00  0.000e+00  0.000e+00  0.000e+00  2.778e-02  0.000e+00 
 0.000e+00  0.000e+00  0.000e+00  0.000e+00  0.000e+00  0.000e+00  0.000e+00  0.000e+00  0.000e+00  0.000e+00  0.000e+00  0.000e+00  0.000e+00  0.000e+00  0.000e+00  2.041e-02 
Moment matrix: 
matrix size = 16 x 10
 1.000e+00  0.000e+00  8.138e-05  0.000e+00  7.947e-08  0.000e+00  6.468e-12  8.138e-05  0.000e+00  1.940e-11 
 1.000e+00  3.125e-02  1.058e-03  3.815e-05  7.947e-08  2.484e-09  8.408e-11  8.138e-05  2.543e-06  1.940e-11 
 1.000e+00  6.250e-02  3.988e-03  2.594e-04  7.947e-08  4.967e-09  3.169e-10  8.138e-05  5.086e-06  1.940e-11 
 1.000e+00  9.375e-02  8.870e-03  8.469e-04  7.947e-08  7.451e-09  7.050e-10  8.138e-05  7.629e-06  1.940e-11 
 1.000e+00  0.000e+00  8.138e-05  0.000e+00  3.125e-02  0.000e+00  2.543e-06  1.058e-03  0.000e+00  3.815e-05 
 1.000e+00  3.125e-02  1.058e-03  3.815e-05  3.125e-02  9.766e-04  3.306e-05  1.058e-03  3.306e-05  3.815e-05 
 1.000e+00  6.250e-02  3.988e-03  2.594e-04  3.125e-02  1.953e-03  1.246e-04  1.058e-03  6.612e-05  3.815e-05 
 1.000e+00  9.375e-02  8.870e-03  8.469e-04  3.125e-02  2.930e-03  2.772e-04  1.058e-03  9.918e-05  3.815e-05 
 1.000e+00  0.000e+00  8.138e-05  0.000e+00  6.250e-02  0.000e+00  5.086e-06  3.988e-03  0.000e+00  2.594e-04 
 1.000e+00  3.125e-02  1.058e-03  3.815e-05  6.250e-02  1.953e-03  6.612e-05  3.988e-03  1.246e-04  2.594e-04 
 1.000e+00  6.250e-02  3.988e-03  2.594e-04  6.250e-02  3.906e-03  2.492e-04  3.988e-03  2.492e-04  2.594e-04 
 1.000e+00  9.375e-02  8.870e-03  8.469e-04  6.250e-02  5.859e-03  5.544e-04  3.988e-03  3.738e-04  2.594e-04 
 1.000e+00  0.000e+00  8.138e-05  0.000e+00  9.375e-02  0.000e+00  7.629e-06  8.870e-03  0.000e+00  8.469e-04 
 1.000e+00  3.125e-02  1.058e-03  3.815e-05  9.375e-02  2.930e-03  9.918e-05  8.870e-03  2.772e-04  8.469e-04 
 1.000e+00  6.250e-02  3.988e-03  2.594e-04  9.375e-02  5.859e-03  3.738e-04  8.870e-03  5.544e-04  8.469e-04 
 1.000e+00  9.375e-02  8.870e-03  8.469e-04  9.375e-02  8.789e-03  8.316e-04  8.870e-03  8.316e-04  8.469e-04 
WM   matrix: 
matrix size = 16 x 10
 1.000e+00  0.000e+00  8.138e-05  0.000e+00  7.947e-08  0.000e+00  6.468e-12  8.138e-05  0.000e+00  1.940e-11 
 2.500e-01  7.812e-03  2.645e-04  9.537e-06  1.987e-08  6.209e-10  2.102e-11  2.035e-05  6.358e-07  4.851e-12 
 1.111e-01  6.944e-03  4.431e-04  2.882e-05  8.830e-09  5.519e-10  3.521e-11  9.042e-06  5.651e-07  2.156e-12 
 6.250e-02  5.859e-03  5.544e-04  5.293e-05  4.967e-09  4.657e-10  4.406e-11  5.086e-06  4.768e-07  1.213e-12 
 2.500e-01  0.000e+00  2.035e-05  0.000e+00  7.813e-03  0.000e+00  6.358e-07  2.645e-04  0.000e+00  9.537e-06 
 1.111e-01  3.472e-03  1.175e-04  4.239e-06  3.472e-03  1.085e-04  3.673e-06  1.175e-04  3.673e-06  4.239e-06 
 6.250e-02  3.906e-03  2.492e-04  1.621e-05  1.953e-03  1.221e-04  7.788e-06  6.612e-05  4.133e-06  2.384e-06 
 4.000e-02  3.750e-03  3.548e-04  3.387e-05  1.250e-03  1.172e-04  1.109e-05  4.232e-05  3.967e-06  1.526e-06 
 1.111e-01  0.000e+00  9.042e-06  0.000e+00  6.944e-03  0.000e+00  5.651e-07  4.431e-04  0.000e+00  2.882e-05 
 6.250e-02  1.953e-03  6.612e-05  2.384e-06  3.906e-03  1.221e-04  4.133e-06  2.492e-04  7.788e-06  1.621e-05 
 4.000e-02  2.500e-03  1.595e-04  1.038e-05  2.500e-03  1.563e-04  9.969e-06  1.595e-04  9.969e-06  1.038e-05 
 2.778e-02  2.604e-03  2.464e-04  2.352e-05  1.736e-03  1.628e-04  1.540e-05  1.108e-04  1.038e-05  7.206e-06 
 6.250e-02  0.000e+00  5.086e-06  0.000e+00  5.859e-03  0.000e+00  4.768e-07  5.544e-04  0.000e+00  5.293e-05 
 4.000e-02  1.250e-03  4.232e-05  1.526e-06  3.750e-03  1.172e-04  3.967e-06  3.548e-04  1.109e-05  3.387e-05 
 2.778e-02  1.736e-03  1.108e-04  7.206e-06  2.604e-03  1.628e-04  1.038e-05  2.464e-04  1.540e-05  2.352e-05 
 2.041e-02  1.913e-03  1.810e-04  1.728e-05  1.913e-03  1.794e-04  1.697e-05  1.810e-04  1.697e-05  1.728e-05 
WM^T matrix: 
matrix size = 10 x 16
 1.000e+00  2.500e-01  1.111e-01  6.250e-02  2.500e-01  1.111e-01  6.250e-02  4.000e-02  1.111e-01  6.250e-02  4.000e-02  2.778e-02  6.250e-02  4.000e-02  2.778e-02  2.041e-02 
 0.000e+00  7.812e-03  6.944e-03  5.859e-03  0.000e+00  3.472e-03  3.906e-03  3.750e-03  0.000e+00  1.953e-03  2.500e-03  2.604e-03  0.000e+00  1.250e-03  1.736e-03  1.913e-03 
 8.138e-05  2.645e-04  4.431e-04  5.544e-04  2.035e-05  1.175e-04  2.492e-04  3.548e-04  9.042e-06  6.612e-05  1.595e-04  2.464e-04  5.086e-06  4.232e-05  1.108e-04  1.810e-04 
 0.000e+00  9.537e-06  2.882e-05  5.293e-05  0.000e+00  4.239e-06  1.621e-05  3.387e-05  0.000e+00  2.384e-06  1.038e-05  2.352e-05  0.000e+00  1.526e-06  7.206e-06  1.728e-05 
 7.947e-08  1.987e-08  8.830e-09  4.967e-09  7.813e-03  3.472e-03  1.953e-03  1.250e-03  6.944e-03  3.906e-03  2.500e-03  1.736e-03  5.859e-03  3.750e-03  2.604e-03  1.913e-03 
 0.000e+00  6.209e-10  5.519e-10  4.657e-10  0.000e+00  1.085e-04  1.221e-04  1.172e-04  0.000e+00  1.221e-04  1.563e-04  1.628e-04  0.000e+00  1.172e-04  1.628e-04  1.794e-04 
 6.468e-12  2.102e-11  3.521e-11  4.406e-11  6.358e-07  3.673e-06  7.788e-06  1.109e-05  5.651e-07  4.133e-06  9.969e-06  1.540e-05  4.768e-07  3.967e-06  1.038e-05  1.697e-05 
 8.138e-05  2.035e-05  9.042e-06  5.086e-06  2.645e-04  1.175e-04  6.612e-05  4.232e-05  4.431e-04  2.492e-04  1.595e-04  1.108e-04  5.544e-04  3.548e-04  2.464e-04  1.810e-04 
 0.000e+00  6.358e-07  5.651e-07  4.768e-07  0.000e+00  3.673e-06  4.133e-06  3.967e-06  0.000e+00  7.788e-06  9.969e-06  1.038e-05  0.000e+00  1.109e-05  1.540e-05  1.697e-05 
 1.940e-11  4.851e-12  2.156e-12  1.213e-12  9.537e-06  4.239e-06  2.384e-06  1.526e-06  2.882e-05  1.621e-05  1.038e-05  7.206e-06  5.293e-05  3.387e-05  2.352e-05  1.728e-05 
A matrix: 
matrix size = 10 x 10
 1.184e+00  4.303e-03  3.064e-04  1.357e-05  4.303e-03  5.564e-05  3.468e-06  3.064e-04  3.468e-06  1.357e-05 
 4.303e-03  2.101e-04  1.287e-05  9.292e-07  5.564e-05  3.118e-06  2.133e-07  3.468e-06  1.957e-07  2.224e-07 
 3.064e-04  1.287e-05  9.200e-07  7.280e-08  3.468e-06  2.133e-07  1.638e-08  2.206e-07  1.346e-08  1.403e-08 
 1.357e-05  9.292e-07  7.280e-08  6.171e-09  2.224e-07  1.660e-08  1.367e-09  1.403e-08  1.052e-09  9.440e-10 
 4.303e-03  5.564e-05  3.468e-06  2.224e-07  2.101e-04  3.118e-06  1.957e-07  1.287e-05  2.133e-07  9.292e-07 
 5.564e-05  3.118e-06  2.133e-07  1.660e-08  3.118e-06  1.786e-07  1.242e-08  2.133e-07  1.242e-08  1.660e-08 
 3.468e-06  2.133e-07  1.638e-08  1.367e-09  1.957e-07  1.242e-08  9.633e-10  1.346e-08  8.731e-10  1.052e-09 
 3.064e-04  3.468e-06  2.206e-07  1.403e-08  1.287e-05  2.133e-07  1.346e-08  9.200e-07  1.638e-08  7.280e-08 
 3.468e-06  1.957e-07  1.346e-08  1.052e-09  2.133e-07  1.242e-08  8.731e-10  1.638e-08  9.633e-10  1.367e-09 
 1.357e-05  2.224e-07  1.403e-08  9.440e-10  9.292e-07  1.660e-08  1.052e-09  7.280e-08  1.367e-09  6.171e-09 
10 matrix eigenvalues: 
(0): 1.184453167713615e+00
(1): 2.353587418676532e-04
(2): 1.549865137454837e-04
(3): 1.563702911726416e-07
(4): 1.289708593592158e-07
(5): 8.278548323996711e-08
(6): 8.724481339485282e-11
(7): 6.398929535678607e-11
(8): 4.257734373477949e-11
(9): 4.179917208356498e-11
10 matrix eigenvalues: 
(0): 1.184453167713615e+00
(1): 2.353587418676532e-04
(2): 1.549865137454837e-04
(3): 1.563702911726416e-07
(4): 1.289708593592158e-07
(5): 8.278548323996711e-08
(6): 8.724481339485282e-11
(7): 6.398929535678607e-11
(8): 4.257734373477949e-11
(9): 4.179917208356498e-11
10 matrix eigenvalues: 
(0): 1.264796857901737e+00
(1): 2.955730291980243e-04
(2): 2.226936036449913e-04
(3): 5.517642598350218e-07
(4): 1.731610743817796e-07
(5): 1.404612172856985e-07
(6): 7.822817690290382e-10
(7): 2.679735614117875e-10
(8): 1.129438209613527e-10
(9): 5.290864962806595e-11
10 matrix eigenvalues: 
(0): 1.283420320013983e+00
(1): 3.620416251405961e-04
(2): 2.458152464179311e-04
(3): 1.013517695209354e-06
(4): 2.148813010292771e-07
(5): 1.668683249384835e-07
(6): 1.839854002930199e-09
(7): 5.847955164863571e-10
(8): 1.549430432827107e-10
(9): 5.710501545908062e-11
10 matrix eigenvalues: 
(0): 1.290115452528140e+00
(1): 4.202090306916961e-04
(2): 2.540020003798443e-04
(3): 1.541050903970962e-06
(4): 2.660746610039267e-07
(5): 1.733668024747876e-07
(6): 4.000531039656433e-09
(7): 9.948026152946778e-10
(8): 1.932558183776079e-10
(9): 5.900745751309875e-11
10 matrix eigenvalues: 
(0): 1.290115452528140e+00
(1): 4.202090306916961e-04
(2): 2.540020003798443e-04
(3): 1.541050903970962e-06
(4): 2.660746610039267e-07
(5): 1.733668024747876e-07
(6): 4.000531039656433e-09
(7): 9.948026152946778e-10
(8): 1.932558183776079e-10
(9): 5.900745751309875e-11
10 matrix eigenvalues: 
(0): 1.290115452528140e+00
(1): 4.202090306916961e-04
(2): 2.540020003798443e-04
(3): 1.541050903970962e-06
(4): 2.660746610039267e-07
(5): 1.733668024747876e-07
(6): 4.000531039656433e-09
(7): 9.948026152946778e-10
(8): 1.932558183776079e-10
(9): 5.900745751309875e-11
10 matrix eigenvalues: 
(0): 1.290115452528140e+00
(1): 4.202090306916961e-04
(2): 2.540020003798443e-04
(3): 1.541050903970962e-06
(4): 2.660746610039267e-07
(5): 1.733668024747876e-07
(6): 4.000531039656433e-09
(7): 9.948026152946778e-10
(8): 1.932558183776079e-10
(9): 5.900745751309875e-11
10 matrix eigenvalues: 
(0): 1.290115452528140e+00
(1): 4.202090306916961e-04
(2): 2.540020003798443e-04
(3): 1.541050903970962e-06
(4): 2.660746610039267e-07
(5): 1.733668024747876e-07
(6): 4.000531039656433e-09
(7): 9.948026152946778e-10
(8): 1.932558183776079e-10
(9): 5.900745751309875e-11
10 matrix eigenvalues: 
(0): 1.290115452528140e+00
(1): 4.202090306916961e-04
(2): 2.540020003798443e-04
(3): 1.541050903970962e-06
(4): 2.660746610039267e-07
(5): 1.733668024747876e-07
(6): 4.000531039656433e-09
(7): 9.948026152946778e-10
(8): 1.932558183776079e-10
(9): 5.900745751309875e-11
10 matrix eigenvalues: 
(0): 1.290115452528140e+00
(1): 4.202090306916961e-04
(2): 2.540020003798443e-04
(3): 1.541050903970962e-06
(4): 2.660746610039267e-07
(5): 1.733668024747876e-07
(6): 4.000531039656433e-09
(7): 9.948026152946778e-10
(8): 1.932558183776079e-10
(9): 5.900745751309875e-11
10 matrix eigenvalues: 
(0): 1.290115452528140e+00
(1): 4.202090306916961e-04
(2): 2.540020003798443e-04
(3): 1.541050903970962e-06
(4): 2.660746610039267e-07
(5): 1.733668024747876e-07
(6): 4.000531039656433e-09
(7): 9.948026152946778e-10
(8): 1.932558183776079e-10
(9): 5.900745751309875e-11
10 matrix eigenvalues: 
(0): 1.290115452528140e+00
(1): 4.202090306916961e-04
(2): 2.540020003798443e-04
(3): 1.541050903970962e-06
(4): 2.660746610039267e-07
(5): 1.733668024747876e-07
(6): 4.000531039656433e-09
(7): 9.948026152946778e-10
(8): 1.932558183776079e-10
(9): 5.900745751309875e-11
10 matrix eigenvalues: 
(0): 1.290115452528140e+00
(1): 4.202090306916961e-04
(2): 2.540020003798443e-04
(3): 1.541050903970962e-06
(4): 2.660746610039267e-07
(5): 1.733668024747876e-07
(6): 4.000531039656433e-09
(7): 9.948026152946778e-10
(8): 1.932558183776079e-10
(9): 5.900745751309875e-11
10 matrix eigenvalues: 
(0): 1.290115452528140e+00
(1): 4.202090306916961e-04
(2): 2.540020003798443e-04
(3): 1.541050903970962e-06
(4): 2.660746610039267e-07
(5): 1.733668024747876e-07
(6): 4.000531039656433e-09
(7): 9.948026152946778e-10
(8): 1.932558183776079e-10
(9): 5.900745751309875e-11
10 matrix eigenvalues: 
(0): 1.290115452528140e+00
(1): 4.202090306916961e-04
(2): 2.540020003798443e-04
(3): 1.541050903970962e-06
(4): 2.660746610039267e-07
(5): 1.733668024747876e-07
(6): 4.000531039656433e-09
(7): 9.948026152946778e-10
(8): 1.932558183776079e-10
(9): 5.900745751309875e-11
10 matrix eigenvalues: 
(0): 1.290115452528140e+00
(1): 4.202090306916961e-04
(2): 2.540020003798443e-04
(3): 1.541050903970962e-06
(4): 2.660746610039267e-07
(5): 1.733668024747876e-07
(6): 4.000531039656433e-09
(7): 9.948026152946778e-10
(8): 1.932558183776079e-10
(9): 5.900745751309875e-11
10 matrix eigenvalues: 
(0): 1.290115452528140e+00
(1): 4.202090306916961e-04
(2): 2.540020003798443e-04
(3): 1.541050903970962e-06
(4): 2.660746610039267e-07
(5): 1.733668024747876e-07
(6): 4.000531039656433e-09
(7): 9.948026152946778e-10
(8): 1.932558183776079e-10
(9): 5.900745751309875e-11
10 matrix eigenvalues: 
(0): 1.290115452528140e+00
(1): 4.202090306916961e-04
(2): 2.540020003798443e-04
(3): 1.541050903970962e-06
(4): 2.660746610039267e-07
(5): 1.733668024747876e-07
(6): 4.000531039656433e-09
(7): 9.948026152946778e-10
(8): 1.932558183776079e-10
(9): 5.900745751309875e-11
10 matrix eigenvalues: 
(0): 1.290115452528140e+00
(1): 4.202090306916961e-04
(2): 2.540020003798443e-04
(3): 1.541050903970962e-06
(4): 2.660746610039267e-07
(5): 1.733668024747876e-07
(6): 4.000531039656433e-09
(7): 9.948026152946778e-10
(8): 1.932558183776079e-10
(9): 5.900745751309875e-11
10 matrix eigenvalues: 
(0): 1.290115452528140e+00
(1): 4.202090306916961e-04
(2): 2.540020003798443e-04
(3): 1.541050903970962e-06
(4): 2.660746610039267e-07
(5): 1.733668024747876e-07
(6): 4.000531039656433e-09
(7): 9.948026152946778e-10
(8): 1.932558183776079e-10
(9): 5.900745751309875e-11
10 matrix eigenvalues: 
(0): 1.290115452528140e+00
(1): 4.202090306916961e-04
(2): 2.540020003798443e-04
(3): 1.541050903970962e-06
(4): 2.660746610039267e-07
(5): 1.733668024747876e-07
(6): 4.000531039656433e-09
(7): 9.948026152946778e-10
(8): 1.932558183776079e-10
(9): 5.900745751309875e-11
10 matrix eigenvalues: 
(0): 1.290115452528140e+00
(1): 4.202090306916961e-04
(2): 2.540020003798443e-04
(3): 1.541050903970962e-06
(4): 2.660746610039267e-07
(5): 1.733668024747876e-07
(6): 4.000531039656433e-09
(7): 9.948026152946778e-10
(8): 1.932558183776079e-10
(9): 5.900745751309875e-11
10 matrix eigenvalues: 
(0): 1.290115452528140e+00
(1): 4.202090306916961e-04
(2): 2.540020003798443e-04
(3): 1.541050903970962e-06
(4): 2.660746610039267e-07
(5): 1.733668024747876e-07
(6): 4.000531039656433e-09
(7): 9.948026152946778e-10
(8): 1.932558183776079e-10
(9): 5.900745751309875e-11
10 matrix eigenvalues: 
(0): 1.290115452528140e+00
(1): 4.202090306916961e-04
(2): 2.540020003798443e-04
(3): 1.541050903970962e-06
(4): 2.660746610039267e-07
(5): 1.733668024747876e-07
(6): 4.000531039656433e-09
(7): 9.948026152946778e-10
(8): 1.932558183776079e-10
(9): 5.900745751309875e-11
10 matrix eigenvalues: 
(0): 1.290115452528140e+00
(1): 4.202090306916961e-04
(2): 2.540020003798443e-04
(3): 1.541050903970962e-06
(4): 2.660746610039267e-07
(5): 1.733668024747876e-07
(6): 4.000531039656433e-09
(7): 9.948026152946778e-10
(8): 1.932558183776079e-10
(9): 5.900745751309875e-11
10 matrix eigenvalues: 
(0): 1.290115452528140e+00
(1): 4.202090306916961e-04
(2): 2.540020003798443e-04
(3): 1.541050903970962e-06
(4): 2.660746610039267e-07
(5): 1.733668024747876e-07
(6): 4.000531039656433e-09
(7): 9.948026152946778e-10
(8): 1.932558183776079e-10
(9): 5.900745751309875e-11
10 matrix eigenvalues: 
(0): 1.290115452528140e+00
(1): 4.202090306916961e-04
(2): 2.540020003798443e-04
(3): 1.541050903970962e-06
(4): 2.660746610039267e-07
(5): 1.733668024747876e-07
(6): 4.000531039656433e-09
(7): 9.948026152946778e-10
(8): 1.932558183776079e-10
(9): 5.900745751309875e-11
10 matrix eigenvalues: 
(0): 1.290115452528140e+00
(1): 4.202090306916961e-04
(2): 2.540020003798443e-04
(3): 1.541050903970962e-06
(4): 2.660746610039267e-07
(5): 1.733668024747876e-07
(6): 4.000531039656433e-09
(7): 9.948026152946778e-10
(8): 1.932558183776079e-10
(9): 5.900745751309875e-11
10 matrix eigenvalues: 
(0): 1.290115452528140e+00
(1): 4.202090306916961e-04
(2): 2.540020003798443e-04
(3): 1.541050903970962e-06
(4): 2.660746610039267e-07
(5): 1.733668024747876e-07
(6): 4.000531039656433e-09
(7): 9.948026152946778e-10
(8): 1.932558183776079e-10
(9): 5.900745751309875e-11
10 matrix eigenvalues: 
(0): 1.283420320013982e+00
(1): 3.620416251405960e-04
(2): 2.458152464179309e-04
(3): 1.013517695209354e-06
(4): 2.148813010292771e-07
(5): 1.668683249384840e-07
(6): 1.839854002930196e-09
(7): 5.847955164863573e-10
(8): 1.549430432827114e-10
(9): 5.710501545907614e-11
10 matrix eigenvalues: 
(0): 1.264796857901737e+00
(1): 2.955730291980241e-04
(2): 2.226936036449913e-04
(3): 5.517642598350213e-07
(4): 1.731610743817795e-07
(5): 1.404612172856986e-07
(6): 7.822817690290357e-10
(7): 2.679735614117872e-10
(8): 1.129438209613518e-10
(9): 5.290864962807102e-11
10 matrix eigenvalues: 
(0): 1.184453167713615e+00
(1): 2.353587418676532e-04
(2): 1.549865137454837e-04
(3): 1.563702911726413e-07
(4): 1.289708593592157e-07
(5): 8.278548323996703e-08
(6): 8.724481339485258e-11
(7): 6.398929535678576e-11
(8): 4.257734373477882e-11
(9): 4.179917208356506e-11
10 matrix eigenvalues: 
(0): 1.264796857378317e+00
(1): 2.955730309970932e-04
(2): 2.226936001375396e-04
(3): 5.517642679144518e-07
(4): 1.731610705895211e-07
(5): 1.404612140133833e-07
